0
-15.960475085346932
0.00864383915473745
-0.01630693939227942
-0.007974548003428757
0.009044630764468178
0.005497276523348054
-0.015178668216331525
0.008355674631929658
-0.002160535771136988
0.00844952782956573
-0.012563192512307165
-0.005348390666865128
-0.002160580431047559
0.00839609988380232
-0.011108092087853136
0.00836174587566185
0.008449093304252015
0.00343465933490833
0.008354303979318327
-0.01310059530325153
0.009113074856390367
-0.014320786950509794
0.008369008533925033
-0.026886706388929725
-0.009067372631333705
0.008417664641363792
-0.01431292945429783
0.008184668498117498
-0.02688634798714749
0.0044793394249104815
0.0034346769058134414
-0.00217386222037917
0.0034346847761810135
-0.0021738371508282224
0.008374051207145428
0.00838336042597472
-0.017075108745484922
-0.01310199038542988
0.00835487490814717
0.008354303979318327
-0.004799499453362117
-0.026886706388929725
0.008355826331732796
-0.014320786950509794
0.005383065226829408
-0.0053363877531547935
0.009808633490428645
-0.013851220575737937
0.008375862777420987
0.03462963122161618
-0.006468271215301741
-0.0053318799775670936
-0.002297664224463204
-0.004712862944257004
-0.026885652166897436
0.012529925496490074
0.007844589871370284
-0.002160747190236307
0.008354303979318327
0.01178265399895674
0.008357773356736249
0.01193134536395007
0.0083563274795458
0.012147571578651739
-0.0016699216238971492
0.01178898875549934
0.005383065226829408
0.008354303979318327
0.011692745399399015
0.011905395029890919
-0.005345534589192569
-0.009067358600571897
0.002101923852134242
0.01230840193668067
-0.017950545639659046
0.011856004103336839
-0.04281722588197617
0.020897418526197194
0.01181827439590912
0.011815609616131156
0.0053846017462783734
0.009519115734658789
0.04311100310844515
-0.006363610392868778
-0.014319631234618036
0.0034582479742421186
0.012147079174313841
-0.029274387844135726
-0.01779735972480461
-0.014311176864962551
-0.005351453029000036
-0.014320571968625625
-0.014320571968625625
0.027993899193317243
-0.014320571968625625
-0.028888041301743318
-0.005220186183261251
-0.0017999693989440852
-0.012558417037379203
0.011858119885163602
0.010483984052525017
-0.005356410760763329
-0.005357344169337895
0.005412215897162071
-0.003175377457513308
-0.014320571968625625
0.008500243424882118
-0.0025653458378821067
0.0034612658242167077
-0.005124363829458178
-0.008773286114478036
0.004479325210094877
-0.0032972550329337714
0.017275277290697968
-8.633402759229035e-05
0.022441546237947498
-0.004892185834040817
0.008354303979318327
-0.005350530143922142
-0.008771152798903626
0.005288080949823187
-0.014319242562640897
0.0034612658242167077
0.005383019351553805
-0.01976850599084265
-0.005304830982954534
0.016768532367099204
0.0034612658242167077
0.00835472693458919
-0.0053281869750475405
-0.002796029249286696
-0.00535607240522474
0.001838794563061413
-0.008232820765199477
-0.005284974564344367
-0.018733174302321666
0.011822087444959033
-0.005329474543334681
0.008354960744801182
0.003480271179637642
-0.0031751843359114
-0.026672394396430963
0.011820330464519352
0.00821768529678446
-0.014320571968625625
0.012917552538610601
0.003461323288384402
-0.005185882100284372
0.009965481295491928
0.0034633327610272334
0.003480271179637642
-0.0031736279435734876
-0.00532666764552512
-0.008160580289381278
-0.014320571968625625
0.008362384599836518
-0.009118520090864678
-0.0053211076227182245
-0.0031250206757530157
0.012147571578651739
0.008036034407154972
-0.005332937891294509
0.03800396087233078
0.0016333241914022812
-0.005367180985285744
-0.0053686684381764145
0.00756370907098132
-0.005099836226429819
-0.004694209104297829
0.023130370483887375
0.008498211248137315
-0.014320571968625625
0.005384997992376909
-0.005479901912736899
-0.0017697290020382693
0.009759200300242788
0.005383032354636158
0.006466748233312178
-0.008005853702274404
0.0053842806485182955
0.007685702106019245
0.0006987603571882056
-0.014320571968625625
0.00731167820016852
0.0034736457094473945
0.02793930381644644
-0.014320571968625625
0.0074585775020033
-0.00317507628211673
0.011950536158532931
-0.0143204940037298
-0.0014847713750558052
0.016215937961975794
0.008354303979318327
0.0019063625731885554
0.021220016372792767
0.003473157017853207
-0.012590258290228643
-0.0018845063838801826
-0.0020493235093267527
-0.002162016241248384
-0.005402264122118035
-0.00966343125050488
0.0034739562676690434
-0.0014852385459416114
-0.0051796521191832525
0.0034736479034027496
0.005389208069349311
-0.005897297411987017
0.05015133320423249
0.0034736857345922727
0.005270506004249341
0.005383203690018962
0.0034736479034027496
-0.0013340914039330725
0.008423325164252373
0.003473492060577271
0.003473647473770573
0.003473647473770573
-0.014320571968625625
0.0034945794327001373
0.012722854193868002
-0.014317065454633815
0.011848033022039394
-0.009067358600571897
0.004943047017571153
-0.010432358509985447
-0.003175157930613176
-0.0018466519443779647
-0.0002159162745659483
-0.005866119344080007
-0.006030601982930262
-0.009670938166781539
-7.326145486805428e-05
0.00835142320698814
0.006287134432968836
0.0034736479034027496
-0.006893946408379509
-0.002221044715677697
-0.0021586632010536424
0.0077083429853001505
-0.01328529734518487
-0.0031750926878330457
-0.0061106043414141005
0.0053837590300666255
0.022333333563110527
0.00796331108964404
0.008650038204219198
0.010085822638586251
0.0025331120015746663
0.006942487872614576
0.022595090270946274
0.007381608653459478
-8.372518834765381e-05
-0.018943117283179885
0.021027342947460354
-0.004761901696841329
-0.010946138884986618
0.001741094397973568
-0.0053906344997732645
0.021166720607807405
-0.000821833089218024
-0.006378547910698933
0.0018344273355176612
0.01530498164997347
0.021704575909546435
-0.002746187639691164
0.0053831650723426515
-0.005513086113230307
0.005379383226850802
0.021555876224784134
0.021613818465470794
0.00840160763664583
0.021564988717300417
0.007960817688627766
0.021638796347415872
0.025151062171829736
-0.005404006022768088
0.0053834390895643605
-0.010930680306585344
0.005384631663655224
-0.007280999234527437
0.029862608580241777
0.021945797935342366
-0.0010947686734181685
0.021721218136867643
0.005389595339333558
0.005383466617688964
0.009282778681371607
0.012007275141023045
0.0053843548584577875
-0.00840048500903635
0.0035936667810180286
0.012486207203848014
0.006947063845559505
0.015933385457860317
-0.00538288081850304
-0.014320571968625625
-0.004259881181664227
-0.012699036994511786
-0.005372861897476824
0.008354303979318327
-0.005451803800049769
0.008451101438657481
-0.014320309157336676
0.008159654606826192
0.02211399636607271
0.007993344876474557
0.022116387016231608
-0.006617574563502307
0.007962866675080603
0.008355435652613747
-0.014320571968625625
-0.013291899042118678
0.008354303979318327
-0.011380115393519236
0.006844345344841287
0.01653777453619546
0.016775857369727774
0.023456087244378553
-0.005387315904135364
0.008349379588087073
-0.008286967501410978
0.006947226933425209
0.0083925356368614
-0.014320309157336676
-0.005421660593878897
-0.008371747334728072
-0.005544541560775437
0.015110168048921973
-0.01843701720488275
-0.014320571968625625
-0.0013348989590915544
-0.005649155241460771
0.012081620684550239
0.012532319972079903
0.01205389693981259
-0.0002487708130620719
-0.000859140946529491
0.027548619209149264
0.001835101572433271
-0.014319365291337878
0.009892497420787265
-0.00028868435394149877
-0.013727719395989301
-0.00553399443961632
0.026983772272132837
-0.01376095573990731
0.008371693481714538
-0.017752414998587967
-0.01376095573990731
-0.012575614570997578
-0.004260945973619763
0.017557892889259526
-0.01376095573990731
-0.009652390748082173
-0.007009177002171586
0.007660173090727346
0.06601177613962055
0.010484768680945628
-0.01496386439600582
0.010093419863964632
-0.005229388772622898
-0.00383929131243907
-0.004042413040374285
-0.004091710895870171
-0.005234200945715786
0.00798029895286493
-0.0015817994941877385
-0.00407354105761578
-0.003931345651532364
-0.0040068422888363
-0.01659078436427719
-0.003113073409454554
0.008950054052994946
0.009917635531333147
-0.004087789211399758
0.0028963420542492692
-0.003985199622197592
0.007749952658744847
-0.004095304353198488
-0.004083583253840742
-0.004095126919605521
0.011536507422840531
0.011635418698529715
-0.019837636878856223
-0.004073496391823941
0.0050684580058776435
0.0009594994984776503
0.007985501994082635
-0.0006356729155101721
0.0007352090010385733
-0.0007319842038237618
-0.0033374069958169795
-0.004059843058812191
-0.009862019238072124
0.00817340024472744
-0.003179109310187588
-0.0013088264477227125
-0.004077787395835424
-0.003927522045199261
-0.026920266148284015
-0.004085465147942495
0.009751552461537907
-0.0038411083419363245
-0.008726805472032303
-0.002701148176802817
0.003880447046109986
-0.004085058530516174
-0.004016636435085076
-0.003338333125261708
-0.010571937205779959
-0.003223832553375456
-0.003918719148249192
-0.003830471071920088
-0.004079271308448397
-0.003139070741826641
-0.003876991111196616
0.011425695615252389
-0.008700654104768618
-0.003502364325991354
-0.00406958663552965
0.009615651292548877
-0.004093354888309659
-0.010576637195228009
-0.00350313536305539
0.01151966014565146
-0.003828795690394914
0.008382979097078896
0.0079732113537781
-0.004073246384708276
-0.0037875945508843755
-0.004046793658543278
0.004567644141657969
-0.004046914094825695
0.005272399572320442
-0.0040943161215446265
0.0124531276534543
-0.004041771456670045
-0.004092585170769076
0.007986695540303386
-0.0040889980455696626
0.008141039167994683
-0.00408363775084103
0.008062073873283815
-0.0031724962120694812
-0.003926576112856748
-0.004073812242745398
-0.004094880532780346
-0.0013088264477227125
-0.003470420037286596
0.033957954986255354
-0.0037545213308250217
-0.007343499472342174
0.0005124187681089864
-0.0034911515164797215
0.00966392484316366
-0.004082789229430751
-0.004073413491553033
-0.0036401049420540297
-0.004071540937563108
-0.004025947244938325
-0.0040582622754194424
0.005403607204330923
-0.0033197547861922015
-0.004071731195057642
-0.008724360365678408
-0.004076854198548768
-0.0052189193165260665
0.03301082528776854
0.011556625434442533
-0.004032465310840218
-0.00406482812887474
-0.004072674877018941
-0.004239217308071544
-0.004053593955704709
-0.0034460134470406566
-0.003190376773589358
-0.004074423217190201
-0.0036803355434517613
-0.0040467063154392335
-0.004065156980053384
0.01214808691785961
-0.008720331432319041
-0.001290254589484444
-0.010005529176267638
0.00023625485769897288
-0.0040902513369383935
-0.002316055099340438
0.008048124218934371
0.012484932747797276
-0.004094891240171184
0.009657157596641819
-0.0014910788843468987
-0.004094427924512542
-0.003518637310919056
0.014810584260666455
0.008113578198758353
-0.0006753926684808757
-0.00979635801042035
-0.005900675069746878
0.002950324402711494
-0.005899822335861336
-0.003937212785627266
0.00510726048763173
-0.004068929469062757
-0.0013102071026031238
-0.003781894128075997
-0.005864579445145939
-0.003989762810811835
0.012465111360706192
-0.025249069994609165
0.04142363183778531
-0.0047384758500969015
-0.005709432831789908
-0.004006161078541246
0.005307752162045347
0.007974764294426302
-0.0057076229471439465
-0.005886913835402588
-0.009736971397326967
-0.009423932847737302
-0.005918736545870471
-0.0013102059712301686
0.013238783994388874
0.003832963008909812
-0.005230509273031103
0.01948237040665114
-0.003926844550722342
0.011658386292682852
-0.003852804514836948
0.00804117735828046
-0.01008466372432049
-0.00413178280502585
-0.00989975056127592
-0.008642237646727053
0.005049411668555357
0.01010893799199313
-0.011886190771899858
-0.005852253054484499
-0.0013102071026031238
-0.009907784635027474
-0.00983697593838754
-0.004046097884395589
-0.009981991400123534
0.013939830735573743
0.00987787368279929
-0.004064019083509929
0.008738501856540551
0.008290846588761367
-0.0033103200141945434
-0.0033847173458275053
0.0018485977060812638
-0.004742672143107774
0.01172413471702829
-0.0040492299879455905
-0.009937012531470514
0.005403562217555882
0.005816028529530405
-0.005235051610047233
0.01247727869344582
0.005406483100173524
0.00956431987322746
-0.00990241045395414
0.011519125944748455
-0.01205924310082481
0.011560579113902974
0.011519125944748455
0.013246190367654277
-0.006423725952951808
-0.0036394342532469633
-0.004062967927340734
0.010022102205372831
0.009065128043821247
-0.0040147515255437635
-0.012059915565177682
0.0017460982215653864
-0.0013279896618029344
-0.004040985201034633
-0.0040190917208810795
-0.004065894824933793
-0.003951353814771171
-0.0012640769768403658
0.020317149013136672
-0.003910253001642853
-0.004059812342241748
0.007108942653452694
-0.006208462834978443
-0.0038074894557444923
-0.0013057284032955505
-0.006287614916008479
0.03197061033386379
0.003558668704812807
-0.0036425538544480342
0.011998183747340237
-0.0033150060277170787
-0.0032985959722777085
-0.004085730112425999
-0.004053111402538135
-0.00367638369809339
0.007988331939485381
-0.011901828464100019
-0.0007238709170290812
-0.004064416033783383
-0.004026396405988081
-0.004079816699031131
-0.006289667577508933
0.011349472935339121
-0.004077980398206881
-0.004047073402865602
0.006854236111097478
-0.000760713413519344
-0.0013100716157842366
0.006584579927984906
-0.006293106774782165
0.007975118745177616
-0.0038059717683174344
-0.004060648465486834
-0.004051830757320207
0.00775137298974503
0.006722050973327716
-0.005068962134112221
0.006870615595570807
-0.003997644196347079
-0.003871575733670157
0.03269641290450222
-0.0013108180006865826
-0.01206977778898401
-0.004078481533697199
0.010255165530777422
-0.0014855048737272098
-0.00406934566679141
-0.006292410266012781
-0.005949944207228049
-0.01118664951096921
-0.0031191523180460973
-0.003337887599388864
-0.005230528494088098
0.009788967964894285
3.0308506965277492e-05
0.0009094600832174193
-0.012049426363273469
0.011560570259654289
-0.000696246579890568
-0.012065460832272657
-0.00415043467201653
0.0009096694761788649
-0.020969094768972903
-0.011895508347499755
-0.001164482946098516
-0.005177803991456163
-0.011957061318546226
-0.012054200406877118
-0.0013066592372289478
-0.006311951686283858
-0.006503217575846502
-0.01191330619798289
-0.00628264455479254
-0.003951068284396013
-0.004131699452596251
0.0016906835892243146
-0.0022418026955493696
-0.001303776754286519
-0.005228813355292448
-0.003454966961265004
-0.0034566718484950565
-0.0034470464376928486
0.017718733591111063
-5.1632794027086143e-05
-0.006251914869932131
-0.0034051922990510127
-0.00905157311771577
-0.001376383520529226
0.0016924601691530661
0.0016848019328040537
0.018018967687883504
0.009706813378406167
-0.0023273080317212347
0.004782865598537131
0.00476036496966599
-0.006968769107547168
-0.009665225044069638
0.0029003022332820027
-0.00341660877572024
-0.0034564364673080844
0.005920310790864073
-0.008774751767449362
0.001255040444689117
-0.0023273080317212347
-0.0034566495746224954
-0.0031250282798470728
-0.0034172537186764225
0.014604379782330494
-0.008775344552549478
-0.003444551716599013
-0.003435464344715239
-0.005230483735490897
0.00905364847297368
-0.006242643830536427
-0.003327576764150246
-0.0030843049744259904
0.00798597266922615
-0.0034566657845058624
-0.0034397793931621344
-0.005541241433346871
-0.0034408554292266217
0.005621641059584729
-0.003436292078630073
-0.0034579322729032594
0.006340862890037641
-0.0023273080317212347
-0.00341447254244234
0.004506278086689741
-0.003456296024986211
-0.000506334514042514
-0.0012135374766862402
-0.0034334317099123843
0.002902936273134469
0.002187567177130756
-0.0014603790836105691
-0.0034350326009575938
-0.0034350031245030488
-0.0062917380128312056
-0.0013061683533472836
-0.011192975075763329
0.00446428074136124
-0.0034566495746224954
-0.0013062386912297726
-0.0034104661603256196
0.006233560674035471
-0.0034558833361709946
0.005347334606527875
-0.0003634099877684809
-0.0034129814014865795
-0.003455562578269861
-0.001306228498015736
-0.004556489289913435
-0.009747296577189061
-0.003434607799823648
0.023620306229005763
0.030232232572780682
-0.0034333994820134905
-0.0034553755244287917
0.007780083170076902
0.005334768774510794
-0.0032852130211029813
-0.003302845759227465
-0.0034291434347037348
-0.0034566495746224954
0.007973126421251338
-0.0014944471687628606
-0.007042786548184428
-0.0044236055838357755
0.007987830975858028
0.0024977057051663943
-0.0033004035039226063
-0.0034566495746224954
-0.0033484709754922747
-0.006903812724182101
-0.015676917460870764
-0.0034492457166721844
-0.0034536388776669875
-0.003447976663183443
-0.009232786562078543
-0.0014944471687628606
0.0016681846694649775
0.007963957194565325
-0.0034363039572475854
-0.0034566573127306787
0.027664609790527945
0.02756397751992503
-0.012684118429107112
-0.003454701295298681
0.013681004618720965
-0.0032909555865833395
0.007970556944834551
-0.016841466083846374
-0.021091426418110487
0.0018083864693456725
-0.002594888257046271
0.027412524709760154
-0.0012840826098891591
-0.006251512645516389
-0.003269368150240786
-0.003434120211030992
-0.0012840826098891591
-0.003425955683816556
-0.0051401471441444475
-0.0034291387952106217
0.027552258196281557
-0.0012981460919189705
0.0013604416841685439
-0.0012997709907375521
0.028171562352333264
0.02740819845796082
-0.014298509282888606
-0.004871301193023595
-0.012176212034087742
-0.008460027906973228
-0.0012890002730993968
-0.0007608342004175029
-0.019528045567407847
-0.003427573967030785
-0.003810468041214123
-0.01003729918360202
-0.00797516067746089
-0.00630028212774764
-0.00620655174512416
0.007962647902105779
-0.011192975075763329
-0.006159867035134188
0.0018234249344204682
-0.00565569185925586
-0.007243169194883681
0.00537924182911594
-0.0012881844826812905
-0.008776077540589788
0.012458424438774035
0.005364588757042546
0.00796693380334911
-0.003414123026258746
-0.0012943285409016342
0.0026954104754342836
0.0319449291925124
0.007997724524821538
0.003923482350477431
-0.006115196587729087
0.002253177829046887
-0.001299721206915165
-0.010559905360971945
0.003912132060960906
0.0016625875104529515
0.007957031835310303
-0.006253246548720729
0.0009931254185765806
-0.0012827450598139772
0.002283874924444329
-0.0012511438023457583
0.009687162770875233
-0.0034036999858965654
0.002751601288517168
0.005347334606527875
-0.006919956927283761
0.007963205229023015
-0.00691259115546877
0.004877383587000773
-0.0005888200601567555
0.0016626367336286432
0.010535728418624329
0.0022925029118699945
-0.0066807175944144795
-0.0034137189118908454
-0.007016981271815337
-0.0012997482830835714
-0.0034114146980377524
-0.007028167441553694
-0.0012827450598139772
0.0016629925691058266
-0.0004974645238771978
0.01156034039956141
-0.007060256103230996
0.0009081744728247878
-0.008454600284200463
-0.0012964617375531653
-0.0062483369023174015
-0.001851962865147688
-0.009054508708245756
0.0030362195249012246
-0.0021807837417598796
0.008227860208142755
0.003255685887013376
-0.005230777068891869
0.0011927789413635004
-0.007032363888462059
-0.007023408543436064
-0.0012997886813605397
0.004779000491339825
-0.007151622643315631
-0.008612327188150352
-0.0012997482830835714
0.0015597319126580533
-0.0012997482830835714
0.0036882247385442695
0.01156034039956141
0.01242848515835662
-0.0034118136934199457
-0.0014582288187698033
0.007962983332887103
0.007966388550015661
0.0036571690033537487
-0.00523177659637354
0.014865489536311487
-0.003402172668392199
-0.0034122865230540953
-0.0034101144518638073
0.012428138302681906
-0.0008803566481324795
-0.0070380949587042305
0.0008299810112622187
-0.006301033761088818
-0.012957363810026136
-0.005589265763019933
-0.009640212916087167
0.01156034039956141
0.0008936860807663249
-0.0012997482830835714
-0.006891740418691586
-0.003414304677216109
0.0056119373181652355
-0.0061179623556603365
-0.006907640126188421
-0.007028351996691966
0.005804312734212219
-0.0012997735485977635
0.003630353387023977
-0.0008782948057313091
0.01156034039956141
-0.007194498857259635
-0.0034020286912195743
0.0014997768828580746
-0.005049226117232479
-0.0015325035536201208
0.005516498835967673
-0.0012997045349872722
0.001676943696132585
-0.005493181247206392
-0.007453819430545437
-0.010571867147657588
0.007714882753370671
-0.03123830486321551
-0.009052851358734789
-0.0041733862024451
0.012469237343796142
0.011560329693896152
-0.000510729501284847
0.0023919657020722226
-0.0012997045349872722
-0.006257381173272917
-0.00696775237498671
0.0028507678323309157
-0.0017704218180806474
-0.021950594572567064
-0.006241486772991032
-0.006257581465492491
0.01156034039956141
-0.0031372483780809377
-0.006274793688878623
-0.000496991815688445
-0.00995836601399639
-0.006254977396412371
-0.005040198697983409
-0.006257839339655264
0.00620509656979739
-0.010686276121851142
-0.003526929829473799
0.00468021986394547
-0.004962069840072852
-0.004958874460485071
0.01156034039956141
-0.0012827450598139772
-0.0021306940362127978
0.004681779373146914
-0.0013001725295840375
-0.005212336099297088
0.0018249408419382523
0.00969255628407419
-0.002787180484309181
0.01773212281783285
-0.01600246095442585
-0.010407662990143476
-0.0012700660015131965
0.020161022737970314
0.017085219989144796
-0.005230029879072695
-0.0013408206626274505
0.007962637129342207
0.0011636856709465954
0.013921042129051002
-0.015199154436679675
-0.0013404239896763982
0.0075790836506653
0.009599160365913227
0.002275662279153399
-0.0013238328071706346
0.002357566256236508
-0.004844303269127389
0.0026050913045813917
0.007753929395856612
0.0055160153743756485
0.0023812975418502948
-0.016101229541977548
-0.009881828860135295
0.0011073650218683048
0.0008487002205537258
-0.0018838058869440216
0.010440210541403398
0.011585185531986073
-0.005948597124826157
0.03328566582622164
0.00796615653410558
-0.0008704693215647655
0.002327933569268609
0.0023615309864854755
-0.0013408206626274505
0.007962589329489097
-0.0035437473025394647
0.0004364811653185598
0.009282216223713606
-0.0014937069376884068
-2.0205288552311196e-05
0.004282499292144475
0.003607620118940721
0.008029663249943317
-0.010069381972334727
0.007682786295304074
0.005381311940920552
-0.0047760494955946635
-0.001299742732838743
-0.0013408768994500678
-0.0062604714446708445
0.008973557044055948
-0.0009704728869523902
0.0076853265316444925
0.0022567211177696197
-0.0004975207606998193
-0.00021002654558152845
0.011560353841836783
0.007674290207547441
-0.000476650333204677
-0.008965653864059097
0.00896839167077962
-0.0013406712905690622
0.00796285000426754
-0.0006377111656094743
-0.01105061051602883
-0.013465538331372833
0.0026534787310975817
-0.001340661867737605
0.00813232428820738
0.028245210555934055
-0.0006815544673234421
0.0007652143404958756
-0.005961410959208546
0.00012439948845767145
0.002601344339412577
0.007966580535353424
0.002500880728972725
0.01247948615921028
0.009711115356510541
0.008207091265835999
0.006356882042860105
0.006458631666390749
0.012580922283577373
-0.0031899404570314436
0.004832204115065882
-0.00015483946037705748
-0.0013301910011444833
0.03990667923516304
0.012688940146541957
-0.00523048967505217
-0.0013408768994500678
-0.020191343109977212
0.01156032544688395
0.004682538643834373
-0.0006811639582194584
0.005156158601714734
0.007968686647727256
-0.0013408768994500678
-0.00045699313643607684
0.008053923170109268
0.008703195479084614
-0.0006582205807679557
-0.0003358758562629003
-0.0013158792509722337
0.005664060344794489
0.004365654652604523
-0.005234118169970095
0.012530329551707235
0.0207202155667691
0.018028823842527915
0.005515520880789789
-0.0013204134316000468
-0.0006825643216439237
0.034759567983962854
0.004682704458309721
0.012288550642458814
0.004802832166603855
0.006237789684675235
-0.0012761640309292353
0.0025574310730130203
0.004683798696981424
-0.0013409300148701188
-0.0013345338387059855
0.023295842698569606
0.0051857774908087035
0.014116466687983853
0.011560353841836783
0.0162175388856614
-0.001915207469670002
-0.006425150808415675
0.005378810655878505
-0.0007007453512807504
0.005515999113506953
-0.0010906381938217788
-0.0066196648779021415
-0.006251817458602263
-0.0007553544917733461
0.0026358263092780194
-0.0064212895863597925
-0.0015718909978966395
0.012930893789897537
-0.0016757447925418074
-0.001100152709767551
-0.00642479491195591
-0.0005055464834940246
-0.031053636918002836
-0.0007963460955018651
0.005184513662358654
-0.0017188316088361229
0.0026266348428621833
-0.006943167414907488
-0.006403112776113735
-0.0015629563454980027
0.008020716932386391
-0.0011277648194222964
0.0018044957951301097
0.014332641636914726
0.013685582303234875
-0.0022802789345935113
0.012677350746805864
-0.012444632174878338
-0.006251286692145301
-0.013164628204093136
0.008389565558189458
-0.003138905073121144
0.009196296035277036
-0.0014931571282034606
-0.0021807837417598796
-0.006370765756049697
-0.005707096136913697
-0.006427197059315739
-0.0004800386734857338
-0.006383166097838162
-0.0006950017460371255
-0.0016736325153988525
0.013210900762805322
0.007774689294704014
-0.0015940546074669053
0.012623528244239497
0.0020769290265772386
0.0068419283387957655
0.010220351180467411
0.0032688769945607103
0.0015149695323519706
0.009971705187188252
0.0027081570342496505
0.0074758214606399495
0.008793896503466842
0.014440429079482564
0.010275191774303813
0.005350173381740725
0.007945943933851967
0.004777365380004648
0.006121997154930684
0.005337552477751682
-0.005202648604873416
0.019051151637187323
-0.004779443338952792
0.010116216088188097
-0.0030351360283610144
0.003110884283192891
-0.01699320035105818
0.011560353841836783
0.0007950057864687401
-0.0014920963922913344
-0.008793974422662368
0.002710574869168762
0.0088627418746107
-0.0011337258088438057
-0.011159706590345413
-0.006223650821533953
0.0018043446271689882
0.0018042261180051971
0.009611337025345895
0.007970784696630638
0.007030543017138281
-0.002611668366159394
0.006659269016201291
0.0029556313832875226
0.007965464003064518
-0.0018296590670666742
0.00958193304047352
0.0039470325725968255
-0.021804069800511312
0.006661391989967271
-0.002629434012829611
-0.002648002034300974
0.00967137662943835
-0.021946714450603377
0.012286916417732786
0.006636899868012761
0.00426629675750353
-0.0014920304492172902
-0.00969732773330274
-0.0026446670236214627
-0.006252058785050215
0.009696722606255906
-0.0005579331967101259
-0.000496192157438219
0.007394009324776887
0.007428252822334586
0.011472583587449162
0.009554995280453981
-0.019467843772721066
0.004670779820971698
0.011560353841836783
0.004691872845204998
0.010526739554682018
0.010305452966217843
0.007968017891534292
0.010448449893633617
0.009716513979911579
0.009893599792123403
-0.00625012680358046
0.013669723105450548
-0.007651463785644506
0.01156511605098213
0.00971261418472708
0.008162162324794418
0.010321410098735688
0.007065525037787094
0.009002777443070709
0.009773124876716298
0.008703218370686184
0.0007707029709982233
0.002949273921554479
0.004668717595056354
-0.009690334202089633
0.003790857673002407
-0.0012817771434950017
0.0011700251146345296
0.010004381444879773
0.0030584247363516655
-0.009635327264896047
0.01262455498091549
-0.00523021003123146
0.006779161563249772
-0.00088666759791337
-0.0025905081930186857
0.0016749344454413206
0.01672697604990641
0.006017269767271154
0.006810572739806094
0.009779826391552145
-0.009664751700110993
0.0037559766072682126
0.006906728058658106
0.013255039060711507
-0.005891754343015486
0.007962029064931726
0.0038001461279255117
0.008109093189504007
0.00685138947163493
-0.005230133132179421
0.008108025202653888
-0.005224802729345166
-0.006197558185225627
-0.0025757381103454838
-0.017295006397634528
0.00683072487243258
-0.0062511604220785106
0.0037508624480204257
0.00800256661600598
0.002953466158731973
0.0045214043287152015
0.012627354169485747
-0.005230237089549998
0.006142014014560853
0.0020966858315670384
0.00918646795409601
0.006857458723926256
-0.0023194087485582594
0.012192281946413622
-0.005775624435430962
-0.005112706280172455
0.012619875672508067
0.01010944701749581
0.004326639144513283
0.0030929686490546926
0.0068419409332739585
0.008217416931121239
-0.002184300845623621
0.004679176574588353
-0.0005270392603556128
0.002730935017320753
-0.0024611653700886923
0.013017084027984684
0.0029173591820458433
-0.0005578251707051113
-0.004994285916092001
-0.0026853131556362556
-0.0048444501912552175
0.007489071666060073
0.002896652629905517
0.008527334974096914
-0.009470536339436186
-0.009692774127458292
0.0046630897592924965
-0.0054842881100536835
0.008115503064324793
-0.0009656079247416895
0.0028934014256633543
0.001240630561174449
0.014534788249970017
0.0069747439376783744
0.01567601530716636
0.012626813199611198
-0.0005055464834940246
0.006855476751433856
0.004663049454718016
0.0020551129682872178
-0.006177505409471295
-0.002687604008273969
-0.015545476328796248
0.010422571893365273
-0.004081704516664144
0.0023275798025035334
0.004747813834080954
0.0098402494852388
-0.0052306960998655
0.010001294649566556
0.004474244709502547
0.006803658958369369
-0.007609732895192528
0.0053842745636304735
-0.002182450482573694
0.0020872642733595174
0.007961706377974175
-0.00990843380133332
0.028196282980231472
-0.006251287902834651
0.0019066273419665483
0.0028971488286860998
-0.021536200426554068
0.006758858374464478
0.004668781609914679
0.006830652389710956
0.007265126907229717
-0.0007006892837495009
2.493656955820186e-05
0.00537881150094291
-0.005230539363255772
0.012605391006917096
-0.0024945288803085923
-0.0006198993890297484
0.0095175892887793
-0.0015089584200886142
0.0032145910583802747
-0.0052302116928975755
-0.026584001347014385
0.0027479034882733756
0.0018757064510315244
-0.0008861414593979061
-0.009839066450120015
0.00581502566954477
0.009469986830245788
-0.002879955042506541
0.006875677130363956
0.007961738278914918
0.012212109001165206
0.00602573128123315
-0.0027808858762338315
-0.0007000349425745235
-0.0022813668439896615
-0.0052305349691615126
0.007389780202840811
0.006763253519792337
-0.002840444924143796
0.006534976568757246
0.007131440381063515
0.003898685685197236
-0.010577152694636735
0.012601009937407785
-0.0005826327931528891
-0.01687492486092516
-0.016874670656697486
-0.002848426071579357
0.002429333794158017
0.0024175721206680942
0.03355491898434677
0.01446290711853966
0.020299040575065277
0.005969988438442243
-0.007851257805449692
0.004646592890484704
0.00991269747561495
-0.002855293654268618
-0.0007280662238639552
0.0016806089852373048
0.0011330758184704133
0.006018717022353283
0.012374690641900492
0.006064052529512792
0.0150453920287464
0.0025368525055082464
0.006894750097013828
0.015443654188186001
-0.006252030296635799
-0.007146339270970119
-0.007360034883272878
0.006165398927406779
0.0020796595803668485
0.00996513517653693
0.015119677281799623
0.0152659171980346
0.003726639303628878
0.006042776791232349
0.01993344544306054
-0.0017774940257587286
0.002197459602000409
0.007911350661121636
0.010000886082076256
0.006027663891699462
-0.007652831150465911
0.006010369918316474
0.0025122707623970067
0.0005012589706229118
-0.00834970729609748
-0.010390077720447725
-0.0008286808834527486
0.007962112935001504
0.01509016095366598
-0.004948200865562226
0.0005565682326725385
0.0049563408832635
0.004410717929932727
-0.0021138479379371614
0.013089711701427755
0.0025108050826865326
0.009557507182452804
0.009973306487970247
0.004473954716218627
0.015031105625070507
0.0011901691022448068
0.014795961344876872
0.00384556289159705
0.0005165407427469039
0.0028700422721219298
-0.001746292290486047
0.009848058493521375
0.010836315118437643
0.01217644680606006
0.01008090472023544
0.0031118619448054926
0.03369115043238357
-0.01251880618120937
0.028201285001075736
0.004641259902469172
-0.010575873099123527
0.0008694568194141769
-0.0015089584200886142
0.015352884988226942
-0.01355788334240669
-0.0011320641998495734
0.008965048593135601
-0.018971306395236375
0.012258625630218267
0.008525429749184552
-0.0027260532908836652
-0.0006016193572103467
0.004651406975632019
0.004652125489339576
-0.008166253752040302
-0.007441379797805672
-0.010454295006095602
-0.0010714133027451569
-0.007609216584267247
0.0038608848573326343
0.000560370803904756
0.0080023070311906
-0.0030139816733708437
-0.00946231475013901
0.004049629429887186
-0.010324921649665307
-0.010954860964143026
0.008260184926647773
-0.00478153961395445
-0.007600078310875232
-0.008214264020151426
-0.0043368987251261775
-0.008848268438021613
-0.008531784161384205
-0.005240142419133991
0.00044316537643684706
0.0028300037139229305
-0.015113611162852675
0.0038745665662240514
-0.002690775739860264
-0.00302661873121073
-0.002059438780111997
-0.005160422422117771
0.0005347854350457313
0.00537881150094291
0.007967512637448387
0.011514483114868884
0.03355361617555471
-0.002750544410665613
-0.0013998031081773144
0.0028491496661347915
0.0016689173755110788
-0.0028045959958501337
0.012474260343825394
0.00041268404820396905
-0.0027123444459243693
-0.004853617624849692
-0.002302832583671576
-0.002670992374654766
-0.007595353541008046
0.008517436103215714
-0.00524015347527907
-0.0052725641782580095
-0.0007224603623822859
-0.005244366064625923
0.005197191912571041
0.0180111846279491
0.012309302976903098
0.0009702836125559744
-0.001621408514419887
0.0005147519438172915
0.0007157050987824304
0.0007034083077366919
0.0005325383949284035
-0.002255642677352307
0.0026692282210693708
0.009340783510388218
-0.009462878049610745
-0.009045075326281654
0.008905591384977122
0.0007011439101186283
0.012294640317714881
-0.0018479354709891715
0.0011010179096641334
-0.006531457305384457
0.0008688632295381696
0.0009305370965618198
-0.002438694042092935
0.0007335639729280325
-0.0017489713921181665
-0.00669999316985732
0.002918112347554956
-0.0052364227254690495
-0.006795411295991769
0.0007684684052694844
0.0037620946056653587
0.0007506790707789526
0.0021804102752175716
-0.005231274653540473
-0.005193489674845689
-0.00904504611013899
0.0031495666277837338
0.002746512077635
0.004533415695166218
0.002725959288629857
0.0045330333604514566
-0.001258247929503897
0.004529813873573673
-0.003977927335345279
0.00796384089634509
-0.006933697364014425
0.0009340791806726231
-0.00524450272772686
-0.005239961888544834
-0.010829340705328492
-0.0026428991848553352
-0.0013573607722272719
0.002715506143301677
0.008018672664510269
0.0045389554711313855
0.009388245380578069
-0.00686862381235391
0.007961309851501468
0.008003140999765686
-0.012316998164449443
0.0007355793030035944
0.0007265319260899409
0.0007213325835017769
0.0007241137496775637
-0.004977136334900203
0.004529799382378725
0.0008172699586320283
-0.01204811941135844
-0.00392032387316772
0.0007197290821583605
0.0009542669718678337
0.0007247607965865452
0.011310634866445133
0.0011191498686869692
-0.003962933202688867
0.0008265463934091006
-0.009043085449868286
0.0007194144967784273
0.0007328224245832205
0.004524085541711883
0.000823057394913998
0.0020220839970353085
0.005315762640840056
-0.025931000328700618
0.004535860343079445
0.0027182104638851226
0.008674581037152034
0.008674588405202615
0.008674588405202615
0.004645679794310255
0.0006974954851973164
-0.0063594316158215635
-0.0006249070646871263
-0.0007448948102512558
0.004520532491605906
0.005486397246627839
0.005354676341411035
0.005499862974408182
-0.004641237425841546
-0.014687846740917146
0.007263267103477294
0.018066050784392662
0.00454063206202809
-0.0037597577408029423
0.005484782660500178
0.009174961565260738
0.005437681530848
0.005710138968197727
0.004537826146735877
0.0002636812698749416
0.005731286343739587
-0.006066380111471107
0.004535221602943475
0.005626669703301828
0.005445310320926808
0.002843174487755927
-0.016724608139419107
0.003133329683698202
0.00560605832719705
-0.01124827233137407
-0.0018301953781058268
-0.01163964669459058
0.011029581414859003
-0.0029759526578613128
0.005568147521517621
-0.0141924472613008
0.005475336974349745
0.006490960160345484
0.005522964609512002
0.0054716257114090895
0.005479660412361488
0.005504905839219333
0.0007242018921946804
0.0054961176507949015
0.005447045709177144
0.005446477380391495
0.005457593624900026
0.005508109696309025
-0.004865612924639461
-0.01431850942632322
-0.023702561515708157
-0.013833371277835507
0.0048843220815336895
0.0024903040373715052
0.018486536050902808
0.0024883489343743514
-0.017703708646368093
0.02255294901613952
-0.0022303466118543816
0.0033861608719388315
0.010366579206702677
0.0024889496746274007
0.015429075685311051
0.00665366341555879
0.001687926297491732
0.002476010202341705
0.024030050407155775
0.002488293114456903
-0.014872998439259093
-0.0007515074557545793
-0.0007439445250331721
-0.0018282416248769683
-0.008974440988800755
0.004221050663087334
0.003536787032199521
-0.0007372944254913093
0.005343409873914576
-0.0012365758954489357
-0.014623878770285623
0.005244527511180796
-0.004146114196938255
0.005244383394866631
0.002489003286826445
0.0035688205149939727
-0.007166881053973199
0.002489262181188823
0.0024883137252684675
0.002489163286009046
-0.0008118652547186938
-0.01805822820800263
0.002488294518752606
0.011175668227657394
0.0024882945187526123
0.011220264466323624
0.0007307115362918649
0.002488334881374562
0.0025114071789994726
0.002488294518752606
0.005244356190493365
0.006573285655263699
-0.0007427432713174649
0.02006822900738698
0.005244499258380188
0.017451729979151637
-0.014631598171907964
0.004520453410364995
0.021763581979935165
-0.0007441134404775046
0.006493650767043489
0.002502368082437907
0.007962651085008798
0.004319422458402224
-0.01397394582583089
0.005244751260358316
-0.003361839422602154
-0.005071214679360557
0.002489595167757495
0.0024883127864869254
0.002488294518752606
0.01745127007442886
0.002488294518752606
0.0024883220468771847
0.002489123294907334
0.002499703573851253
0.028227496533615375
0.005244383394866631
0.0024896978904942043
0.0024881606546267926
0.002488294518752606
-0.007157330916626182
-0.0014931607867142641
0.002491738320903001
0.0024884962496710896
0.005244383394866631
0.010775856904893674
0.019886319431867718
-0.0071652233652199585
0.002488883360290005
-0.01511945730738453
-0.00714926274324491
0.002488294518752606
-0.0037758285886244696
0.014650898421149697
-0.00538184436120449
-0.007120310816192095
0.0024887386111838604
0.0024888026175397203
0.01753797498985437
0.0027010290693181118
-0.027409748004618213
-0.027508625824899317
-0.027374267113695405
0.002488294518752606
0.002488290410739609
-0.0027158013935389986
0.002481669765395931
-0.004551393097767438
-0.015118666978077625
0.007965632909438672
-0.007167594485541958
0.013375317395037258
0.004028774680420088
0.022839580155948374
0.007893363756547336
0.009536627968827259
-0.007824084428529636
-0.009649206132820012
-0.007838421383666982
0.014402905139603777
0.007276195178292594
-0.007827360993788434
0.01469218746624028
0.020924063943075777
-0.0072605520191632265
-0.007424700017831122
0.013087574138091406
0.012867718283321372
-0.02949787269575834
-0.007828434835909299
0.0052416915092834086
0.013067830717007333
-0.007820547003603103
0.012239862454858193
0.012638397255194105
-0.007829062450154254
-0.007810527784989244
0.0024856096928560795
0.01750781772157905
-0.008779751816257626
-0.0004524246073575212
0.013432706945372706
-0.0006870647852735659
0.022652189210132706
0.012630546855451964
0.005243101651677739
-0.014610484983538402
0.0014699683748279565
0.0020646999898585303
-0.009970526136393517
-0.005793512153006866
-0.006418500805838815
0.00040190003141287134
0.015134781243893574
0.01624705508159338
0.0007722634068211339
-0.01613188421513732
-0.001486544899827942
0.015113183674555504
-0.014540046440411668
-0.005093137695478766
0.008094258255295743
-0.013474210862730101
-0.0013250148231980455
0.00359854415944998
-0.013465537594796387
-0.01403254434182148
-0.013869569798605026
-0.03225459803680087
0.016694382045064238
0.00930415932755981
-0.027699370101594963
0.06310880667031807
0.03957537910320843
0.01836923153885522
0.004453770659535428
0.007835270199965228
-0.003334929379960492
0.001374802151015403
-0.010959888480548801
0.003882410545098729
-0.014662731089271297
-0.0036077454927182996
0.0029850901043652787
-0.009188247831264243
-0.009132980482378187
0.016343150212075483
0.002986518731424751
-0.0025294457622851633
-0.003429458857206965
-0.00873573030834389
-0.009139045555892105
0.001711967143999388
-0.015581692016773332
0.00299673424610131
0.0029864935589332775
-0.008776631209644089
-0.008079410993696334
-0.008615035379637556
-0.008883509980876959
-0.00839579597859626
0.0029864308493071515
-0.008915105728868335
-0.007184964012967355
0.001667470918562314
-0.019926568264228454
-0.008778100356578921
-0.010958124027631326
-0.00884959452389784
-0.010959272025933955
-0.008736498315786455
-0.008690706400986539
-0.010959759933565863
-0.005207548398970541
-0.008782975746551054
-0.010959333455781725
-0.01514002224506814
-0.006780140670595656
-0.006735872750244338
-0.006248350096241356
0.002537823147350728
-0.010959925936258318
-0.008060041007063895
0.00903156172803622
-0.007936524322443251
-0.00842899621206591
-0.014941583551378894
-0.008863841928979372
-0.010959865632670584
-0.010950097764213403
-0.03339210053524833
-0.0036068082223002606
-0.008774030971042178
0.007610530845474205
-0.00890398776432906
0.011057364502955313
-0.005509753401806628
-0.007808854278642344
0.012433125213901745
-0.0016017198868111093
-0.010958451038744316
-0.008100223796070711
-0.008916680957383547
-0.008896506559453022
-0.0015968322607877172
0.0030915190602141067
-0.003607825060497558
-0.008548578414225558
-0.008933087185325483
-0.008081082935047909
-0.019631308125646403
0.005482748255284998
-0.0035264241443456403
-0.008607959858555036
-0.0025204816172568717
0.0029864935589332775
0.02074590034461868
-0.019868853294329768
-0.010953199720116626
-0.008886088222807379
0.0029898829248884667
-0.008700866978484496
-0.007801693659256689
0.0077939953305383464
-0.0033563778876364225
-0.010959897483075439
-0.00877636507962661
-0.003513812438008761
0.0028476153216462313
-0.01524957316426865
-0.0037480777692993307
-0.006563081718352333
-0.0037565858336754392
-0.010478658444736654
-0.003504561438525204
0.011049320422887355
-0.003756028041991635
-0.0037561547175319174
-0.0037565955424138987
-0.0037567463319292155
-0.0037565410092409205
-0.0034976684438001995
0.011026033024221603
-0.0037566259723797466
-0.003756598622610591
0.018101565088747766
0.008142257384642623
-0.003598320694279054
-0.0037448512724623027
-0.0037565760292221735
-0.003756600077399356
-0.017204053544896056
-0.0037564804887747047
-0.0037565858336754392
-0.003480075259470823
-0.00375759636319603
-0.0037518036588691786
-0.003755016951224708
0.002447727946498024
-0.0037565438300005733
-0.015516386425592908
-0.0037567269212995945
0.0017056206372350487
-0.00375638907524521
-0.008977554124955819
-0.0035027431660664544
0.0002700866751548372
-0.0037565858336754392
-0.0037567197776389853
-0.02004744912484691
-0.00404249891360757
-0.0037563284239079983
-0.003755887401165422
-0.003756424720626133
-0.0037550709445049887
-0.017456608805487446
-0.0037482874951698135
-0.0037548343518566014
-0.0037565858336754392
-0.003756601454988481
-0.0037566013896157685
-0.003756491873920038
-0.0037555189596721527
-0.0037555189596721527
-0.003756578107043304
-0.0037489456672858204
-0.0032287846540481825
-0.003751677856246602
-0.00375556116442784
-0.0037565858336754392
-0.010504720833517531
-0.003752019971303159
-0.010334762624097894
0.0034629851957106205
0.00306612465242628
-0.0037567286952006843
0.01786055776951242
-0.003756616490252922
-0.003756654327789732
-0.003756617249896222
-0.0037565935132642904
-0.0037491388565183007
-0.0037566568192438535
-0.0035247517274485276
-0.0037565858336754392
-0.0037492926896325945
-0.0035455868726858154
-0.0037342603777498805
-0.0037565858336754392
-0.003756548002485908
-0.0037566544338120816
-0.0037565858336754392
-0.0033348365688005656
-0.0037565884367212732
-0.0037565858336754392
-0.00897905287017922
-0.00375660591416667
0.0002700866751548372
-0.0037588859773406893
-0.003756589135541144
-0.010504753223067683
-0.010504277830886343
0.011506320432832806
0.013804140658152176
-0.00373713879775644
-0.00375576424968581
-0.003754744612788444
-0.0037566420573346905
-0.0036010691202594002
-0.0037005296111654973
-0.017477452996069058
-0.007160723421575611
-0.0037554170772828768
0.0002700866751548372
-0.010504866197413027
-0.0025294457622851633
-0.014010804948596944
-0.0036075131870029246
-0.003506737902174602
-0.0037565858336754392
-0.017383990272340707
-0.0034891076784702713
0.008174270320518524
-0.0037639046914189635
-0.003603100072984144
0.01463685877699683
-0.0037479873841679066
0.0002700866751548372
-0.003755167970738888
-0.0037566045600167445
0.018485716651371394
-0.010499258432492605
-0.0037483123110451312
0.0028214346572139333
-0.0037561595325882034
-0.0037437379712618223
-0.010502269572387592
-0.0035071997195555244
0.0030248864769143132
-0.003085043289353997
-0.03207502416691012
-0.003756589135541144
-0.003795530580572867
-0.0035144401462852393
0.0030244875759966624
-0.01050437120566413
-0.003369044827380749
-0.010504807067707267
-0.014012284256189531
-0.010504888716203652
0.018568819873382315
-0.009805206391100866
-0.003754469975966108
0.00027274385337006416
-0.0035065074891518053
0.010145258425204478
0.018568049930525014
-0.0023737101393698705
0.00550727109763932
-0.004608042816554015
-0.003752798377901947
0.00027077607698058453
-0.0037563833735565796
-0.014060379750005732
-0.005328436076696108
0.001685638374396389
-0.04920529614114657
-0.0013664629160163055
0.00536196841888783
-0.006759359885642354
-0.006768607785078821
-0.006768600105489951
-0.0037630784592579108
-0.0037586499434836113
-0.0030060958648449217
0.010814400739938572
-0.0037635674499632704
-0.002985047696016595
-0.0002515481309206928
-0.006207556284078155
-0.006202899201011203
-0.0030060958648449217
-0.0037636135712259475
-0.0030060958648449217
-0.0030060958648449217
1.153356797926478e-05
-0.0037632698629820383
-0.0037637016629238056
-0.006768345397368488
-0.0037590049119132964
-0.002987275704752752
-0.002420044427534168
-0.006221868294340069
-0.003620117157501164
-0.0030045483176246095
-0.002126877665649576
0.0038678895914021345
-0.003751722745574272
-0.0037420413362602117
-0.003005283928607054
0.006609029739120434
-0.0037631792068149655
-0.0061121049590612255
-0.0036564101983636507
-0.003516788137994778
0.009721796811308237
-0.003763501626055685
-0.006218401090249221
-0.003757865573054574
-0.003006056927032887
-0.003005325740569053
-0.003763714162183331
-0.0037370641709349325
-0.00622212500898566
-0.002986968547659988
-0.0030060958648449217
-0.0037634646353729615
-0.0037529436542922297
-0.00300601510145684
-0.0037604164009564342
-0.004953904957827364
-0.0037431366050842472
-0.0036001730463817087
-0.003742981083145839
-0.0030212072797501615
-0.0002507085225214124
-0.0062216359258495625
-0.0030060958648449217
-0.0037637170722063518
-0.003863571505747638
-0.0037636936511552662
-0.006314980664780527
-0.006772495174467822
-0.003617751783367248
0.013507206682150108
-0.0037636830397759524
-0.003763683396509771
0.012080016443445769
-0.0037636530229634836
-0.0036160282061516655
-0.0023052389141250728
-0.0037616124194295502
-0.0037619473645626733
-0.0030060981593257306
-0.0037636446465814286
-0.002794342986832274
-0.0027943177166890386
-0.006222126803285978
-0.006220498997653928
-0.0037620558078757995
-0.006220519372559334
-0.00025163075604784404
-0.0036085535675578237
-0.006230459828357339
0.0015340188791636035
-0.0012244091867848826
-0.006019493113066693
-0.00024899313936850055
-0.006230586346308974
-0.0037729831202220556
-0.00024643060291382684
-0.0037719968775561477
-0.00623043221775551
-0.00024983812907791925
-0.0030009478846069596
-0.0030028420976361543
-0.0061199297492809945
-0.0030060958648449217
-0.0002517095620244868
-0.003006001308767458
-0.0037720169272071197
-0.002795621194389922
-0.006230306418143511
-0.0024574599906154763
-0.00622788521423233
-0.0012227807775470217
-0.00394320222555916
-0.003006121693218951
-0.0036260312420218844
-0.0002516416710270761
-0.003152046225387962
-0.0021272375905278256
-0.0014533611966246504
-0.012891502716206826
-0.00024965416106578243
-0.00025170587898231615
-0.006264167682002262
-0.0031472979924080046
-0.00025170587898231615
0.001182565181606445
-0.00025170587898231615
-0.008639395080445927
-0.006261636764934017
0.00810537397526112
-0.00025170587898231615
-0.008978960728417267
-0.00025170587898231615
0.00019142884097390686
0.003882410545098729
-0.006160206954695844
-0.0002508868632783313
0.005621236824998649
-0.006264167682002262
-0.0002479431367152929
-0.00025170587898231615
0.0033703999204554077
-0.00025170587898231615
0.027507236197631454
-0.00025170587898231615
-0.0002039166607979355
-0.00025170587898231615
-0.0066163520393266945
-0.00025170587898231615
-0.0002516929027392748
-0.00025170587898231615
-0.0002461451621920299
-0.0036178372499912174
-0.00022658007925206494
-0.007344366140863237
-0.010504665288788505
-0.010504651825994655
-0.00021084667204021216
-0.0002468929387302455
-0.00024755460957437224
0.004713765822850429
-0.0002517275965617455
-0.00023166347620649972
-0.00023179418071950724
-0.0002459399326579337
-0.00025170587898231615
-0.0002509170037522003
-0.00024755460957437224
-0.00025162984943622786
-0.0002517286024672469
-0.0002510456620679871
-0.0002511351774351461
-0.00025170587898231615
-0.008978969849095653
-0.0002516298112726286
0.0002512179272937694
-0.00025170587898231615
-0.00025167707188392227
0.008834612851744595
-0.00014383988540927356
-0.00025170587898231615
-0.00025170587898231615
-0.0002509903842945135
-0.003152046225387962
-0.00025170587898231615
-0.00025170587898231615
-0.0051145312735776565
-0.010378008034166816
-0.00025257275014646367
-0.0002516214661930233
0.0003007342093995999
-0.00025138107922092904
0.008199834275818033
-0.0002518419250832251
0.01092556899597802
-0.0002467035953458087
4.6216685779825186e-05
-0.00025170587898231615
-0.00025167028986581593
-0.000251631099159713
-0.00025273959033472363
-0.00024563157620462097
-0.0002511154595967094
-0.00025170515464249555
-0.00024783012376041174
-0.00837307252158744
-0.0002469576460023672
-0.00699781053972569
-0.003615055577316776
-0.00025168719965370536
-0.0002509843238798877
-0.0006292079410382564
0.003882410545098729
-0.00025170587898231615
0.013011309586517538
-0.002635370104712838
-0.00025170587898231615
-0.003006106779824147
-0.0030081446069738886
0.01910875571838251
-0.0002519548081261383
0.0018939928394498986
0.004637748631700308
-0.0036185641794616555
-0.021805707575452173
-0.030194916375065207
0.0002540099143945818
0.003882410545098729
0.010928650702876883
-0.0002484314931031651
0.011238049437680446
-0.0004709188258440351
-0.003368529371701103
-0.000882656173822264
0.008209829521091472
-0.0008054910474971697
0.003609951927625634
-0.0002469576460023672
-0.01040033175272099
0.00740816101836484
0.006055161111525395
-0.006768454515331409
0.007633333949582661
0.008078408358485204
-0.0025304591730837545
-0.00025202192960325186
0.010899382207122945
0.00771578521110249
-0.0002458259146660843
0.007678459362099356
0.0074962642671168095
0.02309553745646036
0.007401222902461877
0.007463928760688772
0.000324941352955063
0.007543223666758547
0.008685643945259036
0.0017229701386701044
-0.00025170587898231615
0.002137207992740142
-0.0014862644679947805
0.018751216239656185
-0.0002517215488110215
-0.004296622507592864
0.0001963324078717525
0.007533915932645715
0.006742552886320721
0.006741824500190571
0.007506282437899096
0.012673547643913116
-0.01038534963848638
-0.003585452886228129
0.011458331430085981
0.000922517764251845
0.006576741978396327
0.007442268569887553
-0.007769338267349075
-0.00025170587898231615
0.025978180352201934
0.003882422019662488
-0.0002349645742575836
0.0038834872091472166
-0.0036122322850947676
-0.0044319020507496195
-0.007574584626182619
0.004895717379332142
-0.01700715945311176
-0.00025173439845924985
-0.0033640291276569576
-0.0033601348797539245
-0.001398079926649466
-0.00858639632082899
-0.00025161132290486794
-0.002676730351666517
0.009189226949527852
-0.0031144357145655786
-0.0031054504074710682
-0.010503168907500263
0.010898147399353734
-0.003509059925841327
-0.002530446945662539
-0.004516215061400963
-0.024393820511894513
-0.004371927664005961
-0.0002512187018163715
-0.0034834770393509834
0.013640468761652171
-0.003611064091351449
-0.02392099104362091
0.006677671203789148
0.008210327565028043
-0.003605216912186261
0.0009798876914556447
-0.004151103799349262
-0.0035818870951246813
-0.01000125269232228
-0.00023592752964886554
-0.022509455482691072
-0.001486282796461869
0.01100435683448187
-0.009794133931511807
0.0038942084545448507
-0.00025170587898231615
0.011389863851878557
0.013153088799710557
-0.00025171871651278346
-0.00019648070434269307
0.003042926591596943
-0.002530446945662539
-0.0035927105899948085
0.025424214544192598
-0.0105038686941792
0.014866214268561776
0.008479982799013198
0.014743666281107154
0.007413037910372104
-0.003611024736581496
-0.0002516464511485709
-0.0037953873250985027
-0.018847885689542872
-0.04713318933495376
0.007139363696913675
0.007100563472823942
-0.00549392943288795
-0.0036100690722586566
0.013780551473523453
-0.020966805772903187
0.012635565316964387
0.014781196314188713
0.01684240861420044
0.023130156429633175
-0.0013980687068281669
0.0218795281795805
0.02651823478095524
0.004254073032270019
0.006622445622520609
0.010897956178048132
0.011438943075086394
0.02186046810360336
0.026912143445146065
0.010948642239465397
-0.009198795068647977
-4.382429915207157e-05
0.01094183416926909
-0.019731985428778145
0.01091182563464189
-0.0036101647694216487
-0.0002500480717057246
-0.002146749354344814
0.0021872165717732157
0.002045273935026999
-0.009006470134199238
0.00827812345138649
0.011263108128145734
-0.0036106345131960097
0.003565306085845896
-0.018970244126133764
-0.010504769651553723
-0.0002832511944757001
-0.01704942075400551
-0.002814991175815698
0.0020841635545856625
0.0034608435656917247
-0.015930205327562907
0.002139268726764806
0.0080808847298633
0.017746726585274895
0.010666582814709445
0.0005822876804396626
0.014962709825316296
-0.014756200174403954
-0.0001307477744786835
0.008469371535598878
0.011047765084689147
-0.009450004174076154
0.010329600975027012
-0.012593841696326139
-0.023171100617056736
0.010917775653587631
0.0013882897673838696
0.006049512304898207
-0.017674401183181265
-0.021270147483176693
-0.014117985505387242
0.004791254754299046
0.003887596698862085
-0.014120993716912297
-0.0031245117752462122
-0.010578372012366014
-0.00347136883794452
-0.003491750298685416
-0.0035000077673033045
-0.013296664618519529
0.0042513245622845
0.0038824956678331227
-0.010655657769169463
0.013154351144732433
-0.0025227042276242426
-0.01734039681874704
-0.010588372133664505
0.01632473143383379
-0.010588668854400723
0.00387534726781021
-0.011375642405384674
0.011155705144774245
0.003053828551152166
0.0038854174392813504
-0.0042985243468911015
0.005221159041623201
0.01467155100395395
0.004286468756702593
-0.020596678626243932
-0.010589215027615154
0.004241469238564902
0.0042414888546535795
-0.019818011910033
-0.010595741819588712
0.004283932588996185
0.007450799060896353
-0.003608565862901424
0.006403286983687148
0.004241639419587171
0.004241524974899474
0.004241453871502401
0.007703704603381668
0.001591816270594701
0.01623723893575018
0.007383291427562781
-0.005851165011639754
-0.011848039373977165
0.0028634652070680068
0.005832843186249098
0.0028677813401031117
0.005566442438338694
-0.005031632401725821
0.012894250959438497
-0.010584482617738339
0.0028632521335038618
-7.026932462657439e-05
-0.0047851506540653585
0.0028632521335038618
-0.025403763274597486
0.0028632521335038618
-0.007723780106490478
0.00286447081594525
-0.01894320228498431
-0.003545368190434803
-0.00022798559436010393
0.002864024901587289
0.0028632521335038618
0.0028650037733912942
0.00288964796414137
0.0028632939638303097
0.013401191047123149
0.003206179736940208
0.0028632521335038618
0.0028632477918953134
0.0028632521335038618
0.0028632521335038618
0.0028683819629469315
0.0028632500879446896
0.0028632521335038618
0.0028632521335038618
-0.012390378512296452
0.0028632521335038618
-0.020359453164532245
0.002863413719816935
0.002863413719816935
0.002863535404603784
-0.014348892996056444
0.0028715706103918347
0.002863253878655198
-0.0015142953053318756
0.024760150535141984
0.014067797910024524
0.0028632521335038618
0.01765793914783702
0.0055855340217179665
0.002866920486100995
-0.01764872432540466
0.0028632430533418567
0.00783306986506005
0.0028666908116788364
-0.010442930079073319
0.012789058666669717
-0.010588897262129094
0.0028632662919322836
-0.0128032587257163
0.0028632547600035024
0.0028632521335038618
0.0028632521335038618
-0.010340470247728703
-0.02039834550541871
0.002863018585119819
0.0028632490595753924
0.004238548335970691
0.007419732699236406
0.00295590031756452
0.002864651861220459
-0.010588858657985105
0.0028632521335038618
0.002865403288542975
0.0028632521335038618
-0.010579008891929954
0.0028880599164413383
-0.010588921716814978
-0.010588798978475599
0.0028632521335038618
0.0038347799671734043
0.003839031425457327
0.0028632521335038618
0.0028632521335038618
0.0028632521335038618
-0.010588699041686323
-6.348072369043055e-05
-0.010340378138905726
0.005556032756518443
0.01004506477520154
0.014914175351405295
0.002863230308230852
-0.010588464391770544
0.0016946592258054213
0.0028632396285697176
-0.010583591846223728
0.02601983207549631
-0.010588311375920414
-0.0027132491157694162
0.0032571070261812464
-0.005147575977252878
0.0028649363462963217
0.00793357240924418
0.028218972614217627
-0.008979390383748037
-0.010587683797601211
-0.0036103160878028823
0.0028632521335038618
0.00740250928186788
0.0028632521335038618
0.0028632521335038618
-0.010580799999263481
-0.0029891705779962257
-0.010588741371718804
0.0028632576245447693
0.00424463714837023
0.0037806923810402514
0.0025509972195807036
0.0028632521335038618
0.0028632521335038618
0.0028632521335038618
0.002952073736017677
0.019477480911859878
0.0028632521335038618
0.0028632467759144215
0.008831373600245213
0.0028632521335038618
-0.01092626928316345
-0.0036049891310377907
0.011140751011186674
0.008078621025463655
-0.0010467133551215419
0.005557465875334648
0.006184766380539467
0.002861230654703977
-0.011178312142566494
-0.011588100053400845
-0.0025545688844364808
0.002863291790416313
0.017457082934509042
0.027447716583830783
-0.019684741969693668
0.0028632521335038618
0.019798166906132356
0.0028632521335038618
-0.02277447729011185
0.0028631165353374894
0.009307596273308062
0.002858074541365157
0.02032065896156112
0.0030984408284713476
0.006794288392087979
0.009699272745288427
0.0028632521335038618
-0.0015141715138645736
-0.018410152014739785
0.0028632521335038618
0.003098473559116593
0.0028632521335038618
0.010212132711628926
0.010172050412545838
-0.00160713723263117
0.0007283701751841114
0.002863803575640615
-0.02409142718313752
0.0028632521335038618
0.010091706107104371
0.002867850984828393
0.0028632467759144215
-0.004333562499492166
0.002889645862623728
-0.022776050772342977
0.009867578872398005
0.0028632521335038618
0.0028638210487973263
-0.0014169878327713247
-0.02408832632029936
-0.0012388482016490651
-0.0008448994867600785
-0.022713227319555926
-0.02277820806173883
-0.0015826547015396495
0.012616846444582025
0.0038822410436381073
-0.001391551000505245
-0.007007694455616828
-0.0012925713745419018
-0.023464343629771282
-0.0006984635234398149
-0.0009955382792648465
0.029177796074675723
-0.0014545894450424446
0.029156640607334187
0.008111841766987487
0.0028632521335038613
0.0028632521335038618
-0.0023301117753348677
-0.024086758450146874
0.0028632521335038618
0.0028632521335038618
0.009252376415646253
0.0029346092934515555
-0.0036254370540240205
-0.00093665898433671
0.009846514192507263
0.009546165633719
0.010767536877124357
-0.010437014834432292
-0.04598263581682286
-0.005957754667769347
0.002863268868837931
-0.024038194357770888
0.010714277044254877
0.010984198045568322
0.00912190187463697
-0.005601329721743879
0.040844365736160564
0.04040801875455474
-0.027353671326162097
0.03062346387666143
-0.003966029336119193
-0.0027292933549339154
-0.0023410491034731615
-0.007336786472904518
-0.0019357362794838596
0.005664185076990802
0.003798273366979679
-0.04339210772319443
-0.05844568618431143
-0.05693455770071499
-0.007430349694109636
0.00019539699457489865
0.012062929962370232
0.0014236494630245344
-0.007221729374448389
-0.04361555559858252
0.012890336715923172
0.043594700491956295
0.011266821511185658
0.04154810037968275
0.005447948406162412
0.0008307508626757471
0.001480016973917799
0.015292733579864552
0.046093366441285956
0.0038933701373867723
-0.0008333229481820271
0.019479477749493632
0.008849901873573903
-0.0013953803162972587
0.020258129406824758
-0.00744364456765463
0.00045715067045369145
-0.007937377309632504
-0.009823828660574952
-0.0015555872124714894
-0.007741512465338318
0.03313469760364957
0.040139241252270884
0.0012242340590508164
0.004249502915573536
0.006515735510397909
0.01451571921146111
0.0012366012668286702
-0.006843764514805826
-0.012569399342423775
0.005166504911028829
0.006205201644682599
-0.007447526947921399
-0.006840812363973133
-0.0019358905997123859
0.0012224272448918213
0.042388860130500465
-0.010056510057406225
-0.008057611440191877
-0.0019358905997123859
0.0031826512522956127
0.03680196516101206
-0.007435904904899968
0.003881364650391808
0.0012148045798794417
0.000760226126542239
0.003881364650391808
0.003881364650391808
0.001216719649353275
-0.0021571407184047707
-0.01849213408548855
-0.012195355452302164
7.71514722438462e-05
0.0012328110471997767
-0.010623305095741983
-0.0055547566776156755
0.01999642210223269
0.0012207831168386464
0.0038954004550142015
0.03845965163096914
-0.0038957730119802605
-0.007241840559915336
-0.010616821168120185
-0.016941159805050034
0.0012915812569576333
-0.0019358704176142085
0.0019967507311538617
0.0019963735609782917
-0.007834969591938615
-0.0033432346842051943
-0.01083051309903833
-0.004496341199328121
-0.002351789614200718
0.0020006187536524985
0.037254721497162205
0.00389324662165248
-0.006134681107026915
-0.006468494716263333
0.001996431947399605
-0.0047160360932935515
-0.0064892597929872165
-0.007798179064412241
-0.006474278353124062
0.0020395510202960306
-0.003339472295097641
0.002007357924289735
0.003893352664230048
-0.0034398238294254366
-0.0064709682909014936
0.0038939260699323228
-0.003340469807260843
-0.0233814340103535
-0.004882469739397512
0.0012167634828871006
-0.00739589858765005
0.0012203741787252895
-0.007842667548965116
-0.0016645348207422112
-0.010466441138743286
-0.0032201934189155608
-0.005710268038688071
0.001167479161276748
-0.008588384653453183
0.001188834668908761
-0.006040874007544914
-0.0033511104075286385
-0.005233190831490103
-0.0052765217067745045
-0.0052757406164943895
-0.0052308626874892706
-0.010616760871943801
-0.0019358905997123859
-0.005273601957689248
-0.005707481052072599
0.014613577978149501
-0.005230188675459368
0.0012169294752609966
-0.00784757355851869
-0.005275262951487874
-0.005207347217850545
0.007467192152834887
-0.0052610401680607145
-0.009700852170408674
-0.0052590233583417224
-0.003340261180014399
-0.0019359052941190313
-0.005153781758780806
0.001995990507597731
0.0019973600054654502
-0.005703667827454297
0.001541186950641602
-0.003058994208429203
-0.005276213826331915
-0.0033052873765481786
-0.005276030000233015
0.0012163245918244737
-0.004915708215657177
-0.005250820629314889
-0.01176725898662169
-0.011779245616717221
-0.005282671987382581
-0.005272055487687674
0.0012163245918244737
-0.0019358905997123859
-0.028319204843470728
-0.0033346376359234225
0.013460591533257583
-0.0019358905997123859
0.0022411096464663625
-0.0167305157573862
-0.005031378659890906
-0.005290882877529603
0.001996444893626518
-0.003331806279878607
0.0042076273697090015
-0.005277366171300024
0.007322251408105137
0.003893352664230048
-0.004781303878261962
-0.0052755201654236545
-0.0057832941932948086
0.002002786496785191
-0.00529374295295943
-0.0019358905997123859
0.004866028408844003
-0.024923052244558187
-0.02441334860769677
-0.005252137288043269
-0.0034657060768058935
-0.0026197675714062724
-0.014360391401058166
-0.0019365184194457897
-0.004936740482950753
-0.004613347955644795
-0.001812575449682876
-0.003489357729929453
0.0012041205151876336
0.020103006799900996
-0.005322747693930548
0.0012167379170875778
-0.00567223483925333
0.006210541669981726
-0.005338019006915155
-0.005344968451853252
-0.005314485860217385
-0.0019358905997123859
-0.005340590658652198
-0.005680832053261234
0.002312733837237307
-0.005352446127437434
-0.0033713768579937582
-0.00943193741039824
-0.005377697596838203
-0.004949073106791744
0.0012175260800074226
0.002001640144196454
-0.004869122240675994
0.011334370047360888
0.004631658681701023
-0.0053663773841109525
0.001995976016402796
-0.012261176893081316
-0.004949272028037072
0.013258803438971921
-0.005374300470336465
-0.0019358905997123859
0.006129179560159916
-0.006196127983543582
0.003893332691268289
-0.0007191632263950912
-0.005356720219474731
-0.007336655924060093
-0.007116095529062084
0.0026449822287061657
0.003893352664230048
0.0038806738964397205
0.022083388137215724
0.04710175300011589
-0.0057589264097247204
-0.0023869895254062033
0.004679848598416326
-0.001351098471031246
0.02080003212921743
0.01853804673264142
0.00773820050640999
-0.001347236822346779
0.007036392913587668
0.003106006601487122
-0.005912303285318216
0.003106050434478497
0.003106050434478497
-0.007557976990118209
0.004695881054442182
0.004866462596730963
0.007019758697424722
0.0011545340005046163
0.0077371902893815445
-0.006579377030033008
0.007027710062683229
0.0107761419621065
0.001883870004628342
0.004866772774827159
-0.007391031746087189
-0.0013848996869671713
0.0019171992796284004
-0.021227460263151997
-0.005537320500151904
0.0020759010436070826
0.0020763084042636493
0.0049160472514541715
0.004878488778184036
0.007852863889273405
0.0019171992796284004
-0.006133815586773464
-0.007429796976540362
-0.004969901862647905
0.0019175823386234918
-0.00301130921410108
-0.007362430617195742
-0.004055429964195886
0.003106050434478497
0.007016007457010204
0.0020756058909374583
0.0037720219016050575
0.004870976246635375
-0.004626106956300912
-0.003002940491155417
0.007969505264044961
0.011176583083976215
0.0020759010436070826
0.0019171992796284004
0.002063138725192225
0.0241919757148967
0.002076178207298344
0.0019173526518523624
0.0020759010436070826
-0.007721746127091442
0.0019380917552206433
0.0020764774705776404
-0.0049612176557460065
-0.006692353939145292
-0.001480742872366529
0.007446784442099292
0.004874409513040302
0.004736123004102378
-0.006531524503692269
0.005293787452166839
-0.006153390857277292
0.0032586052845310146
-0.001351098471031246
0.0053273986524645
-0.006557432518352889
0.0044675311862909335
-0.004968179820196437
-0.004867990997259501
-9.963232580966894e-05
-0.0017245843817788105
-0.0013511172707705477
-0.004439445208720328
-0.002434505213797602
-0.007965190994495098
-0.004865399379369844
0.002270510075191695
0.005845744890426038
0.0020759010436070826
-0.004193716831991733
-0.0013511143298547369
0.012251674486513696
-0.0013508319651395204
-0.000976225814117719
0.0044604481758166725
0.011877517030873223
0.010368472133361357
-0.0225628176778571
0.007582537866129803
0.011240325132686553
-0.018822607769865718
0.015110128455804768
0.004382396890925781
-0.004880921356895692
0.005354958391959159
0.013274604215607338
0.004383202492405917
-0.006431678736834492
0.004716284794981181
0.003710113191028283
-0.008180347343488669
-0.02068027503542968
-0.009045513944416073
-0.008939394583740011
0.006960364477730699
0.010380816294990216
0.020231709192256923
-0.008689855138680922
0.013256412943648757
0.01489099431506882
-0.0019938829316944696
0.004423565956739816
-0.013322368955021709
-8.825642760690976e-05
-0.002118276780548425
-0.004874053746024923
-0.0017039616511979718
-0.0021105676153350796
0.00437844736208652
-0.004846418282022837
-0.0020149534065717536
-0.0007269861859867399
1.2594024011283584e-05
-0.0013722351809441135
-0.0065959133632129095
-0.017926563519212558
-0.0020864460067035622
-0.006139617246738988
0.000835607818463413
0.005275530582417295
-0.0013485486536492647
0.015626401765899935
-0.005073777306685635
0.00144452991693083
-0.0013485486536492647
-0.0013485486536492647
0.0014277215272546842
-0.0020610495046044855
-0.002093230521490373
-0.004857930848669459
0.001446617554633194
-0.002372290440667652
0.008273191235548838
0.004701035646457812
-0.0050424956157592024
0.0049329200887992105
-0.0011278527161219264
-0.001613196829193227
0.011313705248526025
-0.0013485486536492647
0.00039024159641816057
-0.002064210415067715
0.0025757752959045714
0.0011611550649994122
0.009621448139598213
-0.006477495259791943
-0.005601549866480392
-0.004071014024034576
-0.007241924957847681
-0.004949551343168591
-0.004887674904033927
-0.0023232139192360295
0.0057320415963028086
-0.0022443008095969267
0.002088086825295
0.0011216730818373506
-0.00829244524494938
0.0010703762583442976
-0.0148328515872854
-0.0013367505067666406
-0.0013213732225799935
-0.0022304206997815286
-0.0013367505067666406
0.0029246497804186343
0.005155775258664503
-0.0013364840008749125
-0.005072701372528252
0.0011906718080047741
-0.0013367505067666406
0.004548611770973183
0.004378442415626168
-0.005137419121758296
-0.0013367505067666406
0.013014355518836685
-0.0008675841428790312
0.004391987627234722
-0.002950589928293184
0.023917627707945956
-0.007241924957847681
0.023275482973263876
-0.004075518336663825
-0.0012930432761396617
-0.0002846965849511898
0.0013847945965643222
0.002171482997864735
-0.00371641123229602
-0.0057890729057507
-0.00516986759813497
-0.007207228743381193
-0.0021564087801594894
-0.004356573041401905
-0.00019565785755694992
-0.004964725254870168
0.0019970800944898075
-0.0018701357474570333
-0.013732040222442168
-0.005000820550712923
-0.005258419406529477
-0.0050405429105242075
0.024637243638301592
-0.005267870908286667
-0.0023668998976380407
0.0048766822530258306
0.003957731445370912
-0.008101095451356713
-0.0050476203540314015
0.002496134423104038
-0.00012028804313035641
-0.005030268545457566
0.004148545712054759
0.03709621154960452
0.03440850052455996
-0.025814877943125078
-0.014506713629704215
-0.005010626966571073
-0.00018192654874008674
0.0002695582227179135
-3.5396781865200165e-05
-0.005206215778151043
-0.000255204749332879
0.013552082094309158
-0.004955494911567681
-0.005045606488778132
-0.0010628768249977725
-5.08554682380781e-05
-7.639207484537732e-05
5.692831507619705e-05
0.00983632540021186
-0.0002445600491552948
-0.0008515731576130993
-0.0050472694889871295
-0.004200467865410523
-0.0010607911104440146
9.763898456526153e-06
0.011642894357024617
-0.0014505256322859816
-0.004749736461199618
-0.00013893874116181217
-0.005041339543080636
-0.00010155234290346661
0.05382281046592799
0.004628509841129459
-0.007867711233966058
-4.232433827622568e-05
0.0001741121103040097
-0.0002593958603280055
-0.0050433425902182485
0.007886335057227056
-0.00016548250948669293
0.013878775489366899
0.0025786346778048906
0.002279214708783317
-0.0016683436928785827
-0.016283558796513792
-0.0050068955275004825
-0.01899723881118893
0.0028913839664040835
0.00010269721665277189
0.00490307968652383
-0.0015753722649357073
-0.008601649948310265
-0.000650234895677465
-0.0006223491510119922
0.0044761280296717314
0.004100271138252146
-0.0030777841347709796
-0.001964056498598442
-0.00276894634974117
-0.002471501770172161
0.001536941571793348
0.0005119643030257017
0.003311359881706207
-0.01564179606200445
0.0011771031952563567
0.001661737295203801
-0.011732678140478648
0.0009924365170346867
0.002672375956816484
0.0030353356114773047
0.0024014375355780656
0.004333726651738436
0.0025050028458209277
0.0036859788477282018
-0.0006561715921139276
-0.007241937154411285
0.002364254294658603
0.004360191103058808
-0.006260099907414965
0.00938187877631931
0.006031480284581696
0.008896266824243684
0.022303569764266572
0.0043494358053908265
-0.001197335581438886
0.00914304714927561
0.003174690880481426
-0.0029563467320576596
-8.943793178907536e-05
0.0021348369535850393
0.0020967194606446985
0.0017468343023886498
0.021692352111208364
-0.0013374285359491857
-0.007242498554345547
-0.005302669964439626
-9.79805857859173e-05
0.002968214610946378
-0.003627258541204324
-0.0013367635749278414
0.00274932729983673
0.0025903183015162363
-0.004031439935415311
0.0038388608944740794
0.0017346310172800129
0.0029753901978264966
-0.013064174783226915
-0.0040399286899548
0.0006966400330507217
0.010308148498218955
-0.0025033589156793204
-0.0033008780295127787
0.0024404074562391622
0.0023958118576343774
0.00433276708269581
-0.004086700667027203
0.0061214744828480125
-0.011833013249427917
0.013511474419264117
-0.0036022696449779287
0.0030539412371707424
-0.015178162535725716
0.00177777155543759
-0.0013367505067666406
-0.004131682834633299
-0.006997784743532495
0.0020006328537820455
0.0029734669178525237
0.006115987145296232
0.01223658330557699
0.0028970746058914637
0.0026083370296684275
0.0027784291771515666
-0.0010528230378462
0.0113273626492376
-0.0004804318538430667
0.003908587697169762
0.0026028277931953946
0.002489327053284385
0.002755732651835939
0.003022913822955399
0.004096947113234689
0.0009329127232856894
-0.0026018126170772923
0.002519891843961616
0.0001683699385338094
0.002782429264222169
0.00681124296277167
-0.0012785003879948425
0.0032570282916110026
0.01196550330077959
-0.001982894707363502
0.011251079699391786
0.001721833647110199
0.003660415878794532
0.006108390579450806
0.004491425141202038
0.0022171468019739527
0.0023447914780875484
0.0003103749098122708
-0.000756133706968957
0.0029276564696773854
0.0029368894978707804
0.002585621076284596
-3.3651722750256155e-05
-0.003607448921660789
0.0017966808357228958
0.0018676784045085553
0.0025187919350341463
0.0018308190200223753
0.015300078711391467
-0.0013367505067666406
0.0027874036736526327
0.00454144947097979
-0.004412949779535884
0.004659201756144431
0.004371000872126161
-0.0036217784766282178
-0.003631321546214255
0.012216883043949966
-0.003986188124774243
-0.0007739011080991425
-0.0069143741697183896
-0.00511464671527377
-0.0034551973589703666
0.0029513724207795174
-0.004037217609260001
0.0025112449983892425
0.004874288001184211
-0.012590459164522496
-0.0006961776011874283
0.0026371321856651403
-4.88040379951935e-05
0.002660248035742615
-0.0047590709184864785
-0.0011971279774104903
-0.0020222114587597805
-0.0030040365337328507
-0.0031124122408948706
0.023276026496044606
-0.010397823094313826
-0.007241841982707335
0.01166071615365889
0.002795031113289953
0.0027500689244274157
0.002754213858037368
0.0007207595078669221
0.005035935721151429
-0.0018960833914806524
0.003685549292971926
0.016915072433352586
0.015824312512246308
-0.019213740574953633
0.003559450884959899
0.00270828608167519
0.00396406418900757
0.003987237210223389
0.0034608737367704703
0.0035352542068924613
-0.0026519040563804087
0.004020230610838963
0.00375866934839958
0.0035494115678758255
0.004876098151417587
-0.0014896844271436063
0.007926656199060403
0.004070071129215504
0.004900661684068143
-0.0008959311018084237
-0.00612014763497056
-0.023674092910862848
0.0034651408643941724
0.0034348645107696195
0.02091426494156764
0.003989819288214517
0.020315012169002986
-0.01995950515284732
-0.01301505399535182
-0.0013391879415895484
0.003542175976026292
-0.04909688289615336
0.0032700017233638816
0.004261488177001553
-0.0013356444568937169
-0.0009412256641601767
0.0039721227098470395
0.004271256424925928
-0.0046809285584496155
0.004694175047475297
0.0035910800640901915
0.0036205672543389647
0.0036190778906827247
0.012320106631277902
-0.020862455599209066
0.012307233615127476
0.0035402968760413654
-0.021051333060151743
0.004175641526605917
-0.020740584699400433
-0.003629159448565295
0.0036707359047283288
0.003742486832507442
0.010091653531906128
-0.014384366724871237
0.0048533908152875085
0.002891106623948021
0.005901153822431576
0.003478860333082471
0.01381643262348059
-0.007241633706157925
0.02327899329075302
0.023692277419695235
0.004178819227542785
-0.006076194262340468
0.01241515734603412
0.008094584269252055
0.0011468351953973432
-0.007966585216991956
0.00599410257024642
0.004839257731126644
-0.022969569514825663
-0.0004453047707046352
-0.0013365833660938622
0.005620123705411103
-0.010734766360194927
-0.014699641005125387
0.023283293988179254
0.010231060749353784
0.002394406310914981
-0.008277248499024219
0.0017839141019958744
0.005414409701360278
0.0047963628071367665
0.001002633910155677
-0.030922707561028086
0.007158319665568695
-0.001277154940640136
-0.0007035791790468619
-0.0038745866154871684
-0.0013364268694355825
-0.006497761040170402
-0.005325594344285961
-0.0013363973142171968
0.0014581244668947018
0.002698705886833207
-1.7476394651928813e-05
-0.0017869784592766996
-0.006495490157102919
0.003662224287663107
-0.0013364076897385989
-0.0052704139555149005
0.004246369895975869
0.004017905375275789
-0.001315724884741282
-0.006314846260826356
0.002148346936050039
-0.001045382280372115
-0.0004813112757739771
0.006773801672065872
-0.004646207586736913
0.013432203076224095
-0.001335604625054845
-0.0004896721725898873
-0.0030844397384040935
-0.0017942287376021722
-0.00133645699750031
-0.004450858090045008
0.0025126608966931697
-0.006495949051834506
-0.0009531949255897562
-0.005755829341257762
-0.0007314616998281225
0.006451291663565543
-0.005607301445894757
-0.004513321414192968
0.008614148240736625
0.0087957862627762
-0.001817785819054393
0.0017675616826004978
0.0018154299696598224
-0.001461503452451611
-0.006563145401723367
-0.0013364268694355825
-0.0007571464928098054
-0.004049015758406736
-0.003778685051366976
-0.00022527899241956217
0.005396095997078878
0.0021100682715494254
-0.016233749479414
0.011365744978686622
0.0019336056508840946
0.003469488580133069
0.00256032680103952
-0.0064273033545647505
-0.004467716318769628
0.010879534114185966
0.0010195749474082774
0.0012723878885441214
-0.006024509527771276
-0.0062778553171524325
-0.0018004799437838653
0.005788652920616711
0.0034796149627890176
0.005254214043789211
-0.024508534682643187
-0.004140964956031296
-0.0017992673362340376
0.0039009140671202977
-0.0020367749535598937
6.253600026161367e-05
-0.014798761991709765
-0.0017443736934004185
0.0002029373490918348
-0.0013363973142171968
0.001098538393686478
-0.0013364268694355825
-0.001750264959026426
0.004874329658579899
-0.0032761278982399032
0.013931763069667712
0.012690614274896077
-0.0013364268694355825
-0.0013364268694355825
-0.0006954818274006778
-0.004777454420192608
0.0036848351782074215
-0.0072961019845102166
-0.0013338697915459656
0.003939978462040281
0.018851101826884636
-0.011046217820261139
0.004953921715747355
0.004440201902081473
-0.004430057976005979
0.001675862822684489
-0.0009796831397853162
-0.001326642651234277
0.008912543871249425
-0.0005034524035123676
0.005359730998611021
0.0048742878282534464
0.0013763077987451453
-0.001317534053817577
-0.0018514030481856466
-0.0013364268694355825
0.004878665810247501
-0.00504091713379904
-0.0007481556184499611
0.000879180802223294
-0.0003877379876861472
-0.0005382267340542155
0.0021121768822974355
0.001012993228838868
-0.00617097213886809
-0.0003992473338840603
-0.0003982769345913
-0.0013364268694355825
-0.0013364268694355825
-0.0013365384039695169
-0.0018317101547146238
-0.0010364068891433823
0.0006195917000308181
-0.0013364209296043955
-0.00724183746898951
-0.002539466005029561
-0.04376108767292492
0.003167471536114744
-0.0018631124723648138
-0.00938598911701642
0.0005113228323934756
0.0007440330983529931
-0.0041932646080906424
5.3291627048930305e-05
0.0005879317150691226
-0.0013364268694355825
-0.0023178205550356125
0.002512011516050948
0.012820216637564372
-0.0013364268694355825
0.0008973190426619504
0.0006875211948112072
-0.0013364268694355825
0.00035639472046599194
-0.003040309364823944
-0.004467997082842515
0.0034482775221115294
0.004320269350440339
0.0005147398757897987
0.0025500887524747507
0.00897046539810044
-0.004648887549262951
-0.006235944265554615
-0.004648809191471917
0.004874288001184211
0.005406210391701518
-0.0005070824755956373
-0.018436503793967402
0.0025134962543032174
0.007884026704171805
-0.0022576067248392317
0.003444090178697408
0.0048742878282534464
0.004874272865090625
0.00938072165992071
0.006195286259828073
-0.0013364268694355825
0.00018075913392499738
-0.0018144926928900307
-0.01146083261326588
0.004879746717062339
0.024687562919358835
-0.001330894503625383
0.004541404851632341
0.005130212524678213
0.004357007950171729
0.006412835226276516
-0.0013352542538595667
-0.004648869077753821
0.0038949103707434816
-0.0046380541979220815
-0.0018601512797883854
-0.003049455508786698
-0.007974737151335532
0.0012708519344293372
0.0019822418733353433
-0.007241739051058673
-0.006692672670700935
-0.028853975728827506
0.0005751766729816307
0.007684107075021772
-0.0013364268694355825
0.008045881468609196
0.007565112338114861
0.003462723575024917
0.008183338043826078
0.010287113570393958
0.005374506239577383
-0.0013364268694355825
0.015948292621872567
0.0035371732763851567
0.004499309018420367
-0.006295127987515784
-0.0036280662582653133
-0.0012857307821222469
0.007613494077512912
0.016686388035919972
0.0031204000055447345
0.005373358671579663
-0.0063435613320844105
0.004652115624251895
-0.00058640405053757
0.004701066131674794
0.00423674144651593
0.0008973446474456157
-0.002643606160015407
0.004740507567789855
-0.0013364291532914103
-0.0013363418675245134
0.006187599839458188
-0.010946495051190594
0.005392868690332129
0.005410261878594403
0.006500339512029262
0.0034937944299308736
0.007907851322482166
0.0012288130890151763
-0.006344360175575797
0.004165811294290938
0.0005763589826000468
-0.02746398215529821
-0.006343509788503246
-0.0006402418063919265
-0.010854019385214105
0.009861396581045104
0.005361563669550835
-0.001505211315830802
-0.0070392161763992295
-0.0013364209296043955
0.012265929980854923
0.0009111567356766085
0.005363807407612636
0.005409133332780796
-0.0012771398036352112
-0.0013364017499074054
-0.0013364209296043955
-0.00646148992328923
-0.011936929143797823
-0.0036297272470723584
-0.004510712571627255
0.006506464947636751
0.005409784494041833
0.02064311188578882
0.00778407417434893
0.006320793989748412
0.0036602052363348303
-0.01487875919576702
0.00036959224526312895
0.008505533445086148
-0.011211725349894586
0.0048742581860287335
-0.01709623581232617
0.008903161229115398
-0.022043753244006273
0.009596128272190458
0.004877942300647501
-0.0026957102061726237
0.009231779172216237
0.0013296760460737743
0.02505768664679361
-0.016718618080732103
0.006840510627357124
-0.005050832521846765
0.0019739027452590936
-0.009028559362903772
-0.002555150561575617
-0.003622634945879863
8.425050575198607e-05
0.008646959823751112
0.009624847092690526
-0.0023225424820563123
-0.003020949187726487
0.0019737359593990046
-0.015645219981786994
-0.008193015370271242
0.01887207669621028
0.01046047568127746
-0.006618600401736413
0.026646242137312492
0.008725412156345588
0.002401453334822952
0.009017425352446908
0.009161833919316324
0.008800864157249632
0.03246633827257436
0.009308702862251913
-0.04840665478931158
0.003202095663452198
-0.0064350719904839974
-0.005164065630748581
-0.015830039757752677
0.009973492032354103
-0.029507784317154447
0.022559428798722976
-0.007151753957962824
0.009278854933244618
-0.007178151713718204
-0.00018456311646283281
-0.002360392415602022
0.004507870841621115
0.007856385061454337
-0.008990108525217498
-0.005818243298637305
-0.006263717414820022
0.009139009223630921
0.005737210484341545
0.0003558951641726662
0.0004424815639182408
0.0049134826390001265
0.00022469704015863872
0.008650020684190698
-0.00698829000212824
0.008657719782314839
0.011006304256505181
0.0006317161347853618
0.01632017279218579
-0.00643598550113843
0.013288634094253866
0.00414271747991287
-0.00461881863462123
0.00866440665492301
0.00892719954686687
-0.00349230314048606
0.004240259131575347
0.008637691108568565
-0.0024744139421875883
0.00545369574818465
-0.008599456219754626
-0.0035169339058624617
-0.003516731191274174
0.0015752485071220776
0.009585473118353081
0.004870325498330546
-0.0037792472182617072
-0.0004760769814592764
-0.003514947901456299
0.008650078539861075
0.005893742371278913
-0.0024744676154560066
0.0037945752016155434
-0.017025999299263087
0.0015690629856397946
0.00023918400958769596
-0.01027528971715101
0.0019977208729221665
0.00022100629640677412
0.0006552740164065104
0.0003713016483361086
0.0048742878282534464
0.00028307142360300497
0.006577660421395372
0.0004869731381318094
0.01594092847849228
-0.002454958663839376
-0.002474581518451228
-0.009755293544578492
-0.004304651990695146
-0.0024018170207319505
0.0015278740586974551
-0.0023495499270322746
-0.0024682069142266177
-0.00239690306698216
-0.002533414286907415
-0.004542692466853292
-0.003492167906781423
-0.0024138464419017226
-0.009047058815078796
-0.008599510525718557
0.00553051150840062
-0.002473463140338289
0.004684384509116194
0.008394202587291563
0.005386674831387825
-0.0024745928213774746
0.009216131251542125
0.006005089523534418
-0.011345755298090305
0.005389076394220569
-0.0024745673144115445
-0.0011414456383701294
0.0017831849485686665
0.00028338937089609676
0.008792619497416127
0.008670763373958971
-0.0043709737203687545
-0.0024745673144115445
0.008645416734137894
0.009205713686289575
0.008637237777706452
0.007845690821897129
0.0019737359593990046
0.011127303010238428
-0.002474562597233095
0.005459142016638294
0.004353661662758622
-0.0024745673144115445
-0.0024707827090883695
0.005355244865472722
0.0015786851804555817
0.0010760263879951958
0.00673066902349267
0.004364744609970874
0.007877213484701696
-0.0008362356891028903
-0.002375094874121587
0.028167226313793682
0.0012693091918438246
-0.004540413935927298
-0.0024723872769989467
-0.022015584821056634
0.007294270781050303
0.009474291316658
0.015691366967099257
0.009055676635108425
-0.00859941381037605
0.0003241094134157016
0.009776625808911695
0.005418006449070172
0.005351695614990862
0.00022767894165694568
0.0004703714216496214
0.004169695230880845
-0.002693812757745879
0.0106847479107252
0.00923826175831016
0.011035658705506426
0.0019384961635398133
0.004294230490648376
-0.005613188910625132
-0.0021493336240617075
0.0007275949902648357
0.010671074879763185
0.004874273895455493
0.004874856743546922
-0.0023791948635407305
-0.0012139189707279625
0.0019737131068754622
0.001973703846485183
0.005367705569277745
0.0048742878282534464
-0.00859941381037605
0.00866158456644279
0.0005039564824848008
0.0008913039312318298
0.00089129153795234
0.005488882189379132
-0.008401804842990664
0.008588618974668708
0.004671016538490642
-0.0056670500374452
-0.0016500003955546294
0.008533667156462124
0.00864266007805051
0.006699948434071935
-0.0015466783339293136
0.008908758258559999
-0.01318566829180157
-0.0025632426287904935
0.008148131453451201
0.008653732719280076
-0.009898346513672027
-0.004408464757375425
-0.0013368379860038597
-0.00563950186720019
0.004161074955075873
0.004874265622461458
0.00022922788052223087
0.008660043689400015
-0.0024524029501176584
0.006883443484136037
0.008847367062039688
-0.007323948562164649
0.03724912437563003
0.04939450834286045
-0.0022483754858043476
0.009862396582584766
0.001218781596756395
0.006906161015248135
0.006887124442685315
0.0006205564558160523
0.0002953800592726027
0.0003320635874858369
0.0036508058195319085
0.005559030041454933
-0.002467437838064261
0.003952485690249355
0.005483533745843735
0.005527467172073279
0.002057352467159888
0.0017961509454771753
0.0068765884235328315
-0.0014229531897311124
-0.003749733620716168
0.013678851327969208
0.013935272038492229
-0.0017168036221317188
-0.0024730589650696615
0.007482827348816167
-0.007610263208481032
0.008023941208077865
0.006700178691182819
0.0070631735885186495
-0.0016152234548705835
0.008643440046215927
0.008741365196049568
-0.0024745673144115445
-0.0025243618109785514
-0.003613146894681605
0.006076348029056348
0.0053823079074977855
0.006273978317280872
-0.0035270922342005443
0.008982061340228336
0.005800569021549665
-0.007646610870354223
-0.005214638619300663
0.0047496486301347235
0.005956744737524431
0.008834172319949443
0.001897040951971174
0.009297386947594773
0.008645346090811402
0.008734408886643324
0.01650282377265078
0.006667089386347862
0.024109416625084392
-0.008944860323077864
0.003906848531025765
0.002388074819669877
0.0004907327074981456
0.009657037766327247
0.009656559794754825
0.007882160450924321
-0.0012570458899746958
0.008407175387179642
0.010277882747638991
0.011485140018729542
0.009963838575873067
0.009802009674581646
-0.0024728371199301473
0.01803701978794064
0.018993630459009914
0.011340293940676581
0.0008918322014431107
0.008667003747056892
0.00883498851773217
0.0030027467397013
0.001917052794905511
0.009374432399349134
-0.0010991818457265993
0.01170198039716232
0.019516929177495777
0.008122088259400546
0.012690961206800518
0.024682082978231136
-0.002223263044873784
0.0009517787686061922
0.006934640707558138
0.00864669228401758
0.04959110372452642
0.005990916722102022
0.031001535816706234
0.0061890326153201764
0.008638079110693857
-0.0023212331354570425
0.003942162716389209
-0.008034238448460108
0.008108181690407886
0.008964291170720907
0.0008346533760778884
0.008591482141265113
0.009995927251245675
0.007131702613856442
0.026590990192364956
-0.0024745803461836396
-0.003708974021792361
0.010374596439497947
-0.0009239913153296768
-0.0024745928213774746
-0.0024745673144115445
0.004677242866039374
0.01212435605454004
0.011223640791306845
0.00043334871947010514
-0.003632522103953332
0.008904501051204935
-0.04088343749592516
-0.010119022317056907
-0.0023145062142969465
-0.025681813704900767
-0.0024774607269579594
0.006837931229655615
0.009180031269176277
-0.002418562049373182
0.0020666362298591605
0.009258136630246798
-0.001336800913786584
0.005641114603262906
0.0006931195252048248
0.007822661950712182
-0.0029945990825350076
0.0012600392806860759
-0.0024523987523641147
0.017116524346476477
0.005285204168150628
-0.006315538415829862
0.020470631814862462
0.01932157433940381
0.028593323360810705
0.006548364246544587
-0.007241823057561458
0.0234981533261585
0.005664818714513231
0.005413638821758797
0.0001785860670998194
0.0076681767032331085
0.012410276001201937
-0.0024745673144115445
0.008671538698676875
0.00933976790818202
-0.0024745673144115445
-0.004100409280853484
0.008753046911449736
-0.0030883332137046373
0.00011168256553086985
-0.0024745673144115445
0.006886738296193134
0.00017944370333750637
0.008638345042778188
0.007619942617682169
0.013198082273209361
-0.000858077881202564
-0.005663467361891063
0.005254769073464621
0.005635083469728051
-0.00858321402042644
-0.0014147776173479981
-0.01545861387318754
-0.0023477410060265213
0.005765496695052854
-0.0007366871793587111
0.005242816055641927
-0.005244022155379108
0.00462148624780981
-0.0024194426660294954
0.010420440500409337
0.012315529018542753
-0.008599468594923203
0.0027674760116396338
0.0057716009911301545
0.0018337011287390815
0.008668817684639762
-0.0027672478373332826
-0.013185199651010266
-0.011047777336825743
0.006857576892099378
0.008898827708025072
-0.004097855809414215
0.009265794921428271
-0.008162430752617592
0.004026408872117765
0.0076310744849352715
0.008637162591267128
0.0077228694440769005
0.0077662085099960585
-0.009733437853553295
0.0001727348689178816
0.00018031754147679481
-0.011048416258300364
-0.0030292365244534995
0.005679635358118894
0.007637555699524872
0.0003755793707541752
0.00023667847435304216
-0.0072418561829317215
-0.0024735137013079116
-0.002158553906685862
0.0001255731793108418
0.004246826069338041
0.008721844675903898
0.008646086662597046
-0.005523925510999
-0.002474451030165804
-0.026751435109001888
-0.002070776360707452
-0.004013509367153716
-0.00247457119857058
-0.005402231206909324
0.008647097764600485
0.002065418357710956
-0.0024734191790927655
-0.0027286420649619476
0.0004974229373796104
0.008635475750514517
0.00897990504799993
0.00015222211512752688
0.0019210692657081426
0.007593051467683292
0.0007372337648534487
-0.0013368379860038597
-0.0024745673144115445
0.039927774455577894
-0.002474678848945488
-0.0024738159088165523
0.0015716923004462442
0.001815763647032556
0.004874300243670988
0.0002622136142174532
-0.01437474922175047
-0.011108748829372265
-0.002356180466134301
0.0011489042662406208
0.0009019217013542377
0.0002650813677583806
-0.00422193517302881
0.005261015637370293
-0.001974728396424654
0.0059656120046299626
0.0004896646864855907
0.0007305061981708608
-0.002474064159608188
-0.0017652321933374934
0.008679944379133981
0.004628284661097453
0.00538550305959532
-0.010062488348884579
-0.002348622223736037
0.00032982489327509446
-0.007241785992224779
0.01223369345881773
-0.012653456193386916
0.015630361866442927
0.0020038743093359155
-0.002411831432661336
-0.0024746103618864764
-0.006498583763927878
-0.002229881227308881
0.001111291020198784
-0.0024745673144115445
-0.017483852602975292
0.0023996364587935298
-0.001817520778843199
0.015895501105594966
-0.0024745673144115445
0.0058101904413870135
-0.002472562461752836
0.005256181503644903
-0.004015745577254496
-0.004211674955801844
0.00015009236788496498
0.008639728759569618
-0.000894453704969222
0.008691072915190898
-0.002474527352407638
-0.006227352336417536
-0.0026134006178043074
-0.0034445111535489027
0.0011520688977100276
0.00224285848064089
-0.0033948995304945197
0.0019737359593990046
-6.1713190615105695e-06
0.005674390938682181
-0.0007456714241258232
0.0015372972637780042
0.007797696656287503
0.008976470230260174
-0.001336812916452915
-0.002486842206371347
0.013997677444619432
0.012653434277986531
-0.002457419255736356
-0.00020878245245430953
-0.0043377289858912566
-0.02443328898181
-0.0114685213710168
-0.012038509473161036
-0.00019795746791118014
-0.0031539722024858117
0.0003399258807989256
-0.00248680701080103
0.00014134539356459424
-0.0023279494994273013
-0.002486842206371347
-0.0033970817878592836
-0.0048010339613187725
0.00013805463471053603
-0.005565132463188791
-0.0023856111527961995
0.0014561424476533915
0.00018027845835100334
0.00012525274619121912
0.0016249268874864052
-0.0023287263228234075
0.0005788975195218201
-0.005719426296843417
0.01907256755340214
0.0018469784244132845
-0.03714382211716459
-0.007991331179955864
0.00034612714767122296
0.0008916890260212022
0.003119212895810839
0.0281681859311174
-0.0022763446219844176
0.0018349335142529
-8.631840302707622e-06
-0.0022945674555007716
-0.0013368379860038597
0.002054766563329619
-0.002486830945384617
0.0020184729710107903
-0.006189111575708225
0.0008913113968169965
-0.0010124085469128492
-0.002168046480182244
-0.009693656493795928
0.0007195385743679214
-0.0010734555872982123
0.002104505398111672
0.0007406842268332851
0.0006439146964366298
-0.00859941381037605
-0.00859941381037605
0.0004919887995888454
-0.0013812165094925233
-0.004927103183580933
0.011748193165234226
0.0004992909125584118
0.00238486824765004
0.0019199582412829474
-0.002080244668893533
0.0019617114976818464
-0.012570414882826435
-0.005156516128875971
0.0015322457938958688
-0.002486582098072822
0.0019485761512344775
-0.00859943091580807
-0.0022818189581323045
0.0048742878282534464
-0.0019409569732472668
0.0019739421682701454
-0.002435187676226339
-0.0024283151742204544
0.0048742882008663176
-0.0024777784318026908
0.002178801644013692
-0.03284037271172734
0.000491566465205956
0.0025323368976375763
-0.008599468415090102
0.000891283928344644
-0.002483203046029127
0.0021959260118235594
0.0019799774740066754
-0.02494827722108004
0.0069597540803473445
-0.0007666731984139347
0.004874308409024029
0.00036676489279730316
-0.011113474503214819
-0.007241823057561458
-0.00859941381037605
0.004870739270500302
0.0010190403389943206
0.01600103111961751
-0.0024347624801587028
-0.003617527228786313
-0.0011036751532280012
0.0011158401065388922
-0.00018479798726394993
0.0016296781235941341
-0.0005338183191748617
0.002083751572855615
-0.002486842206371347
-0.0024427815739329526
-0.0022272080197890077
-0.00047547000345004215
0.019459301854140743
0.002539028487247483
-0.0037633329900299004
0.0019850426171196425
-0.002540195251963519
-0.008599516742024743
-0.015295161718803976
0.013923568891949702
0.0032068895623311236
0.020101200185398477
-0.00859941381037605
-0.0012207176476843665
0.0056918502923073875
0.001974096926426592
0.0032306942813846396
0.0026996996465703184
0.0022306134335603077
-0.0011700812136695897
0.002103087504251544
-0.0024093503744751217
0.0040646719947541295
-0.002486842206371347
-0.0007428853353401705
0.02295593545358549
-0.0006310755906390351
-0.0024745864878590426
-0.0021262642268098236
0.005391509538871563
-0.0024731564100723066
-0.002473266245099369
0.0014339365998792802
-0.00027838099660412605
-0.002486842206371347
0.010957536651922187
0.008921198380366249
-0.004755743126184137
-0.0030997757592929804
-0.0038677774175970756
-0.0022897676829918764
-0.005080394923811752
0.0015422430270084656
-0.002387767571072674
0.040355589348434535
0.0006766842410837772
-0.002444587592560087
-0.02698530423314361
-0.00724183438088744
-0.003277138285633713
-0.04456532178749438
-0.0024824824667226755
-0.0005148908629152437
0.011356707214986696
-0.0024866558389971347
0.003188001849395747
-0.00042939339286336134
-0.00031307840975269916
-0.0009652032671148293
-0.0036568680368395065
0.001611058513622835
-0.0024485232447876925
-0.0027167418797827553
0.011933922106525859
0.006153416702343017
-0.0005851964373152376
-0.00586328929887336
-0.007282771036679404
-0.018591016559263866
0.0035311246108816253
-0.010696123737656727
0.0009343909336735273
-0.005010972985851935
0.0036373355126439553
0.0018584722217626734
-0.0027749422353426727
-0.00216394978621393
0.006441895464798642
-0.0014484187885000983
0.00011806114579390815
-0.0036495457000817223
-0.0028144758983530086
0.0009350846610154402
-0.002019494445409308
-0.008599332974612649
-0.0014903115796125745
-0.004637820105633036
-0.0027327828027783694
-0.008979114372978169
-0.003417734405521914
0.0023259663290150336
-0.0029113228793566795
0.017827841856610196
-0.01556482075896983
-0.0028345092450101556
-0.002815134278766129
0.0046276428042572705
0.0036767393298883194
-0.0011218033432720716
-0.004882557924919931
0.004012439094507667
-0.0023864223064111794
0.0036424691548889118
0.0007733252543499143
0.005218288205460683
-0.0009379592896034575
-0.017765209299657934
0.003651314829534906
0.0062906705637316065
0.0024094165181060534
0.0036147675371337746
-0.004090628099051306
0.008688771104901051
-0.0038135475991994353
-0.003920198084903081
-0.0027675040500674377
-0.0030489948536900975
0.0035258941018446507
-0.0034295197977363377
0.003576999823120536
0.00352508491141673
-0.006758867606515975
0.0035436988846805815
-0.0028153162282169722
-0.0013378201942750518
0.003707464000599596
-0.004321810840542042
0.001312691473810433
-0.001223174578897509
-0.008670231842748465
-0.0008633916817035181
-0.001102993409126889
-0.0020446628288933767
-4.146202971693769e-05
-0.0030872717925739188
-0.02338224766935524
-0.006455428727737951
-0.0036255163026176923
0.0042165002138239574
-0.004582694112740797
-0.008599311875564532
-0.02435661030174948
0.001233725249493387
0.003692914313450759
0.005139519237715955
-0.0050167075958706606
-0.0014780551178546822
-0.004969780351881867
-0.0021528418897956533
-0.003710449086050175
-0.008599319543622351
0.009072797736325225
-0.0011440748183729583
-0.003708194885069066
-0.0014829031797911158
-0.0021700707954269136
-0.0012025265838982253
-0.0020536612635666074
-0.004324862492422661
-0.008992840178566351
-0.004971859166181033
-0.004908818627658082
-0.0009732140430193859
-0.0020134813416901242
-0.004947827863741771
-0.0027287094734808927
-0.002744416615076039
-0.004622425984024788
-0.002140839617833097
0.015429959103893007
-0.0016265886634508672
-0.004037339736670316
-0.003620968099374598
-0.03219201801375826
-0.002587232330306511
-0.03288497374379129
-0.004878648928042891
-0.002730635152008643
0.003525097939254628
0.00360058210749014
-0.0033795332688936882
0.012556971220303866
0.012425896072793883
-5.142328452592963e-05
-0.001058746699760512
-0.0009729472249712205
0.0022647654024726296
-0.004598976306237481
-0.0031641796510347635
0.0039354060611601635
0.0022723167282153677
-0.0028188445059124097
0.0035431367963546447
-0.0005907552420862045
0.005684881640074058
-0.0031461300723936926
0.007152410594123585
0.0012111149444452433
0.0036176397036543056
-0.0011221572849641037
0.00401401268345758
-0.0010587231496875607
-0.012702246445746874
0.0014250498292480128
-0.0008631453461065927
0.0048742878282534464
-0.0031435899165809062
-0.0010274475505399512
-0.003166587818313943
-0.0011225888760011734
-0.00556688376165003
0.0025781604597806475
0.003629422093108604
0.0018716120721549833
0.0035610913447059168
-0.0031846314738645637
-0.004451517370091296
-0.0011222576789791654
-0.0069431197618570325
0.0048742878282534464
-0.0008946824866151111
-0.0013242772957417375
-0.001122692498924239
0.0037376056458633274
0.00487428189520554
-0.004373784008412986
0.003760608134064205
-0.004335980665297753
-0.023886242903576313
0.007886058420091805
-0.001478696686352392
-0.005262025553781978
-0.008816993085571862
-0.00459082402225259
0.00147508312924932
0.003625862829758833
-0.014791497882018055
0.0035862602493614234
-0.00890257869667519
-0.004321591390148885
-0.004594257821381119
-0.0015601067852410767
-0.0010736440338481755
-0.004580358710800597
0.0017621016388489064
0.00634041658818922
0.006594109605220091
0.008133169526213348
0.004509661402368171
-0.012101077852865214
-0.010583449144163337
0.007013044325337428
0.0035337421788129027
-0.004465692713151096
-0.004317763125480454
-0.011926917688147467
-0.008832586744155317
-0.028780542725448284
0.0017326752784027886
0.005767346190141363
0.0018306945745540533
0.0015177873686108808
-0.0007664353881548859
0.0013266238632475933
-0.011445055987707033
-0.00751691546574693
-0.0073768662439825244
0.0073254299386083885
-0.011122086566196378
-0.012148563132389082
-0.004800131879115975
-0.0010992821420616936
-0.023739609917565938
-0.005967646589199296
-0.0011226448743761302
-0.001122627008563304
0.004642979066973539
0.013856486961152563
0.015188348287708093
0.003109872950993146
0.0003481941408333568
0.0049051871664833975
-0.0035273028656329195
-0.004733813180677579
-0.009856682949846273
0.005539263695309713
0.00764587497293791
0.0029325799516434535
-0.007241768803255076
-0.004874302923493169
-0.0007796381186602568
-0.004868303228052921
-0.0040782150746773785
-0.023819076480924708
-0.008837619361868117
-0.008768276193462819
-3.9078750551303075e-05
0.005828778459227293
0.004874741198692863
-0.002947561938610822
-0.0021823237951721698
-0.024185770885535553
0.007316785304130501
0.016177457898121635
0.004818619217563334
0.005842217804763677
0.00604068493939767
-0.008640650862189216
0.0007806088283004561
0.012374635031262881
0.008126681997997627
-0.0023633265064648894
0.005586677560860992
0.005578011045056247
0.003138072116760254
-0.000962011675035073
0.014899459570440216
-0.004721561134726064
0.005646742797220655
-4.3785750726453206e-05
0.0058407612937956335
0.005837440645771828
-0.000567120830546219
-0.0031010665128325906
-0.00026021298099677785
-0.003712660405929187
0.0005379444254328943
0.004723900050118567
0.003113131206438642
0.002402273698347138
0.0004387311616221766
0.0033168585251739536
-0.004073229734795756
-0.000771289260379715
-0.009058917340506727
0.0027265925628370824
-0.004554300335852202
0.021053143926428763
0.0031092785520453886
-0.004578818290629177
-0.008721700338674823
-0.01890781335011117
-0.004201388488401545
0.005500203663571699
-0.002582947471206636
0.0075642844566598585
-0.004179267055510343
0.00677615953113807
-0.0005255691686457188
-0.008924591997688532
-0.009512939778909074
-0.016305502492634735
-0.0030761814137393127
-0.0030761814137393127
-0.0070411391245627925
0.006161554230423563
0.004819112436851511
0.007721542553325849
0.006390439954665541
-0.0005681644576532162
0.006318595856256256
0.006843855707836908
-0.005731784311196453
0.01875647030193874
-0.0008608061446279669
-0.00143707087516975
0.004914576537099544
-0.009476768836053657
0.012673114395498512
-0.004475430287506569
0.003109972850282495
-0.0113879338174021
-0.006453578295968855
0.005520231933311067
-0.009212179565260195
-0.006700897882196034
0.005644299733078249
-0.008599331740185926
0.004016782964776805
0.0033470690478904384
0.0023933999400156344
-0.003892617908349986
0.005597698908178298
-0.008381105064535899
-0.0039669449086320585
-0.006681781414788517
-0.03848582773067143
0.0034578668246563883
0.0028238491267503557
-0.004440536424984987
-0.003986545703120887
0.0048742878282534464
-0.006703179955857495
0.006679014112799196
-0.006709728899151059
0.004179462547132407
-0.003981396712935058
-0.02351039242929151
0.010616804680358097
-0.003922749831647718
0.002011741422028082
0.006728448912252156
-0.026730545992293617
-0.0035440457517472426
-0.012720131950181564
0.003162569671437247
-0.004622825790908052
0.005170640328430147
-0.003355379460778341
-0.008173290989022156
0.004140165494877004
-0.0012911055532686642
0.004844610661078756
0.0009020652935953755
0.014838091917024804
0.0025075691221397587
0.004139402227144336
-0.0016357813853166122
-0.0037747507572968536
-0.006678449710443763
0.003135969172142789
0.006344987282193856
-0.003971014952372952
0.01095692477283907
-0.00803986174619694
-0.004630347491645156
-0.011276506401020793
-0.0031479590356522577
-0.009254424344090946
-0.0037948861260292586
0.005319595199731392
0.025614069095397658
0.0014566978630143937
0.00310881329434376
0.003525832189789792
0.0007597142349985221
-0.00203722559924332
-0.004729782302344642
0.0035540821635191414
0.0031095751448148605
0.01487291556658006
-0.0039770860212840825
0.0031102366612340082
0.0062491720365386964
0.0019698666042632725
-0.0027900485286589042
-0.006704749784509919
0.008146550838194077
-0.010618212320540511
0.0002467689302927588
0.0020947048420739763
0.0033837883449220805
-0.00460368725202461
-0.00944748088709474
-0.0037612114822947597
0.0014159425629208637
-0.008562969414556806
0.0019645394794805425
-0.004701516862487824
-0.0034291768223476443
-0.0030727181165027535
-0.0038292385001511705
-0.0024729686596492353
-0.016211307691719086
0.003111875605746283
0.006702542255233612
0.001964540324544943
0.0036891856298213086
-0.011955738756970763
0.0031112224124778616
0.0048744051182588646
0.0015316365738254581
0.003111428888782645
0.004874267225321976
-0.009779796656416801
-0.0010909571581693047
-0.005018617704624429
-0.017525997369081094
0.010048392182173639
0.0019713786483077666
0.005498581332168833
0.0019706228886467885
-0.0032534945582780596
0.003526359853686191
-0.009850655313606
-0.03733321555120317
-0.01318484509989347
0.004179796140834394
0.0019834398718359624
-0.01533128354388327
0.003552427363576788
-0.015984432700363572
-0.021524303855453043
-0.037003857328294004
0.016677286378126314
-0.009606687726864852
-0.0035520175904919754
0.010228477959734979
0.00039587801804145755
-0.0007373987211819459
-0.0066744581493450635
-0.0035068170931872845
0.008025519282702504
0.00020982428632930546
-0.0006355481609214645
-0.006634761214139379
-0.007164681594941153
0.010869728646097077
-0.004235365323804523
-0.014294712749384713
0.0035565080560015947
-0.00022210704800181417
0.001971773124392387
-0.006130253468173584
-0.006634550426871881
-0.006531013377226174
-0.01029957525770246
0.00512821341802346
-0.0013829043281564138
-0.00642839871885663
0.011565262596165325
0.004144463525404554
-0.005433364544606744
0.004934667492868442
-0.000175566934508616
-0.00899951360538688
-0.004557729594564538
-0.008599319543622351
0.004827828827418364
-0.006186247243304422
0.003954605815872768
0.003562551790907876
-0.006634405476663207
-0.00462122307762247
-0.004701297296605062
-0.006634699276919105
0.0038702456661610873
0.00623840289879677
0.011456229744659222
-0.0005278901574795885
0.004106844734500878
0.00032452534149267625
-0.014089262776346714
-0.00882890045702894
-0.009513288614220797
0.011364226063525279
0.0034249234960799795
0.01745094285320544
-0.0003837096884605291
-0.0047210350036419576
0.00040556761976155356
0.002331501710102218
0.0038581635101562262
-0.004724088047757283
-0.0027305029802903312
0.00207541430016229
0.003961896530441578
0.0004348547014697676
-0.004736597186330753
0.000306268872830543
0.030749590959477314
7.848960578995469e-05
-0.001446809351426842
-0.0034016878959548438
-0.008598252313517822
0.0027153111614998753
-0.0013453444917342116
-0.011339005675530991
-0.004053514551768186
0.014779622579602764
-0.0003849318478746164
-0.0021650795875775273
-0.004934767393910176
-0.004541859711205386
0.00041107361333577483
0.0075410678836093205
0.003564817473294449
0.004032498947829034
-0.015257483098568832
0.013580370343287325
3.63599720329324e-06
0.01647139766902561
-0.0030632850551080425
0.0016606161259565602
0.02070944694256301
0.004149318816427756
-0.009912578104115562
-0.011349737933065915
0.0049456462393700305
0.00164920536329382
0.001529771816003265
0.0015773549389369538
-0.006401931502677532
-0.00046616974988126624
-0.0064116277757996385
-0.013351571042543078
-0.006567515224056454
0.010737367120737149
0.0022428304964675393
-0.00021228892378565635
0.0002720037616900497
-0.001635289931279251
-0.012664667137790485
0.00016767102079926215
0.0002550281888790698
-0.004664774034073633
0.005674172938912123
-0.012279584444505099
-0.02368625457059731
0.011045855450880666
0.004465623759888972
0.009540455810072328
-0.0008189036457275883
-0.007569500724023045
0.011771552617084579
0.013619731104008949
-0.006696193541646679
0.01587352498792396
0.013224194661759614
-0.011239854948637145
0.0006776804198567253
0.000258724586365508
0.006899895016532031
-0.006680618438945755
-0.006660525844897304
-0.00043548078015511794
0.00010688381522072296
-0.002994239932270505
0.002985694232005622
0.0037865311111500467
6.803445587274528e-05
-0.018161362417474146
8.82259124724499e-05
-0.0003736691807481658
0.00029031531160417776
-0.00031747345658943534
-0.00010129338715275154
-0.0001348193151990386
-0.00709989013642217
0.005199259353488132
-0.00015882793010510746
-0.007049797220585291
0.003579946487217746
0.009186569328509845
-0.006469407421723546
0.015434693793183829
-0.00419212096945803
-0.006439072211284973
0.011177434427421883
0.00015384335616802167
0.012045942591182364
-0.0018919591463879713
-0.023052036911345046
0.006837327861305401
0.0005088490384708236
0.0025401840054617205
-0.0040759497655729286
-0.0031097956675177054
-0.016238100046710353
0.004254864375745698
0.0054742252917189035
-4.248094284814781e-05
0.009773361040244998
-0.007513644106825546
-0.003575805637195071
-0.004207476179691643
-3.99089345056931e-05
-0.006576900747373429
0.014661369426011579
-0.008250661593586965
0.0020470207363673686
0.002009858004234469
5.6486932610641575e-06
-4.28610716661887e-05
-0.004726642689102246
-0.001971530681491799
4.035045080293198e-05
-0.005364676287496722
-0.00858334403648243
-0.005132641263553493
0.017510449415134605
-0.005812037175631858
0.0009511766602686801
-0.008363272457862813
0.005679405701798305
0.004463160432604913
-0.0008454291355147344
0.008403596777424534
0.012195981876241595
0.0021208234107849247
0.009654761816385693
0.03953369340747272
-0.0009224936714243019
-0.015906037974336523
0.0009784864127223571
-0.0020012693198394817
0.004568954468365552
5.038064812674166e-08
-0.005946720443465421
-0.03745757205987844
-0.008599319543622351
-0.00312642590958572
0.004568954468365552
-0.005441077463252442
-0.006634779219077412
0.004118677563022079
-0.008599319543622351
0.0028916234092615485
0.0018941486345509567
-0.004041617488553086
0.002549513766663145
0.0014425285587798102
0.0004713730989011828
-0.0059467204434654275
-0.004644235224808058
-0.004644235224808058
-0.0020012693198394817
-0.0022802692491488085
0.0019912778457666356
0.01148664825412242
0.017746871821317164
-0.0010346576831863458
0.006858438552525112
-0.005946720443465421
-0.005946720443465421
-0.005946720443465421
-0.005946720443465421
-0.005946720443465421
0.00441480819285618
-3.1138965223902673e-06
0.001969840522185557
-0.0020012693198394817
-0.005946720443465421
0.005069039950556323
-4.957289735748181e-05
0.0019912778457666356
-0.0010346576831863458
0.005069039950556323
-0.005949834339987833
-0.005946720443465421
0.0019912778457666356
-4.6459000835092016e-05
-0.00205084221719694
-0.0005587407610596707
-0.0010346576831863458
-0.00205084221719694
0.005825996925132143
0.005469105032998081
-0.0026129904864603203
-0.0002249547739632679
-0.002167559705396613
-0.012751969688122488
-0.0045128071919829475
0.002085157252445191
0.013773019107173871
-0.0004337352132087797
-0.0046625918857698245
-0.006479129514178818
-0.00456829081015862
0.004878210697515788
0.003449007824177608
0.0013278211915555952
-0.006581393861281652
-0.0016872406124996675
-0.008815579742049079
0.0008336894665102448
-0.008496286102851917
-0.008559121463587572
-0.020510978228568157
-0.0016498422853696174
-0.03237326072989301
-0.00899207063519071
-0.0004604757739616259
0.004161304508989032
0.00916944857245465
0.01602168026013595
0.0027531039269636836
0.0119846867895431
0.01616615853003121
-0.007714341580014335
-0.007912076724581997
0.01368088311563747
0.004155884666256341
0.0011236819638606533
0.016001917156282252
-0.008055581072536603
-0.006551854149698423
0.0019498446095413773
-0.009010151126935066
0.01122085297511958
-0.00038424206469202596
0.022443268890907513
-0.0066193649318316864
-0.006619385882285648
-0.005069207939336407
0.0026738949647777044
-0.006609888819035312
-0.007859039787477238
0.004729128788064791
-0.00867651307533463
-0.0036273445796706594
0.0005890693750930048
-0.006616221586747884
-0.006625967244275807
0.009058147081133571
0.004182002908422149
0.008029335645211648
-0.0018248033826687693
-0.0027664753339368578
-0.0021264309142858674
-0.006387696528667263
-0.006588168812682898
-0.006605058358453589
-0.0008372384293039558
-7.328670222292506e-05
-0.0017316316627588523
-0.0017325698927372517
0.0020528151174722337
-7.308539883436588e-05
7.238880094091529e-05
-0.006631186832303331
0.010131724108754486
-0.006624179391935445
-0.003892671141185155
-0.006610753847776106
0.0021043846924464265
-0.0063782547031618194
-0.0157371820671752
-0.0014715233501478285
0.0022866076324759726
-0.004898228729013048
-0.007299071449751745
-0.004970559371067315
-0.00878255642244005
-0.0063441827879179334
-0.015212633275343574
-0.0016275739829449552
-0.006363141613135487
0.002836727309411752
-0.003601870115294774
-0.006465094683102953
-0.005173523577878411
-0.00314574136651081
-0.0036281181896985768
-0.0036257600897820334
-0.006496888118494659
-0.004663257677715158
-0.0064797939884740806
0.0008808238352213373
0.0011310629278699497
0.0015079676873862068
0.0031820767539253738
-0.005839913413114201
-0.005798251283474026
-0.0002516409221774909
-0.006342512594270246
0.013803531405604608
0.0019936645648456104
-3.3277100428228125e-05
-0.006630544768531342
0.003079897598885935
-0.006492680150335193
-0.006435994990993264
0.0011640686986648776
-0.0061013485059283785
-0.006950315036504273
-0.0007851013984190376
-0.021370592486843466
0.001742636092327933
0.0021614266194098434
0.001569691708730982
0.004246547037982943
-0.007306402396778537
-0.00016793130684323953
0.0033846303696639384
-0.006163059506256918
-0.006567076682816995
0.0052140722589421075
0.002113431185026556
-0.008223127152527068
0.004391538645495096
-0.008630591049379244
0.014090822447132199
-0.009327054310076728
-7.002332191360968e-05
-0.006610873507323817
0.0019655343184778575
-0.022127603881215856
-0.00641174362290252
0.009125958978126698
0.004894467474759185
0.001891255367023345
-0.007349925813208969
-0.01908865562865137
-0.003538004979823965
-0.006002584634122711
-0.006415389005481444
0.0062226701564760305
-0.006396884545191211
-0.006023455040669794
-0.02845123601902178
-0.01858014377166147
-0.0066019099819617936
-0.01857068322279793
-0.04034647997292586
-0.00662690974812284
-0.003940939436648107
-0.003995038779150252
0.005686240346125086
-0.006626596095553534
-0.021792127094763043
-0.008012811733731768
-0.0074140450520177575
-0.006832568355317045
-0.008326759935600284
-0.00328428012578963
0.02302017639581489
-0.0072294434462137945
0.0032020106008051365
-0.006176604249469026
0.004131561470832349
-0.008604704537158257
-0.008604612645731462
0.010346203002187282
0.0003891166128723084
-0.0066347932390786795
0.004765647644282819
0.0056615505279406396
0.0030131491761279405
-0.006628365498127676
-0.007640673579922853
0.0019698074797280464
-0.006634832584989808
-0.0007924793337860217
-0.006201305422734805
0.006582540740978925
-0.006634819398547314
-0.0066232315748212586
0.0019709685366896
-0.010505812537327236
0.0037277679982286502
0.003679152804164235
-0.010512413728007508
-0.0105099948385355
-0.010510279900199553
-0.008599319543622351
-0.000456371920705007
-0.010512071851493403
-0.010487961454404358
-0.006630195015942189
-0.010508584658267855
-0.010505917275148957
-0.011543106914242849
0.007355209820386834
-0.0038655352425368086
0.0003418339311561958
-0.006702768687797185
0.000616834757785497
-0.006445048770711697
-9.396788587101104e-05
-0.0038774615303945026
0.002824338417540201
0.004075201677528958
-0.035282964453252186
0.001964540324544943
-0.00387754308305166
-0.008599301318530398
0.0044337099141098036
-0.006634536781724641
-0.005333151273375937
0.01089961643128054
0.006366527887963449
0.008139146993629442
-0.0027001833249346518
0.0005103812215300132
0.0008695344211789658
-0.008599337825818445
-0.006634324529504827
0.006031901847310455
0.008839229119807765
0.0071660435569475805
0.0019820162497801116
0.0006296576572004386
0.002758441873326377
-0.0027389287154444618
-0.003641135290280954
-0.0038774615303945026
-0.0066332391197095365
0.002577067630782866
-0.0028250789795361496
0.0011134817618487839
0.0027911627365042515
0.008343159292570835
-0.0033851802177323523
-0.0045275647449458485
0.007872391679816602
0.0028423287432723424
-0.013423600329631375
-0.0038774986953685354
-0.0025963575531779736
-0.0038774615303945026
0.003028400999849495
-0.02448198051254097
0.00034354204534393386
-0.005656958550904554
-0.002965850150278868
-0.0038774023338864327
0.010005190132841279
0.0004876604382519828
-0.003862973467106059
-0.010283943598730848
-0.01067706929937046
-0.0028475861264960155
-0.007485714367579899
-0.003924236909088678
-0.002311530177957926
-0.005451824142809692
0.014061962622471976
-0.007649056331572867
-0.0036336873948990735
0.0009103587706071635
-0.0036606218316848935
-0.006098194497770018
-0.0036770332071921936
-0.0038774615303945026
0.015070770273832513
-0.006310622813643277
0.011435131011737926
-0.0034748029645486366
-0.005743527540024727
-0.0038316117723117085
0.0044696473861634755
0.002736705132463
-0.0038766176103227344
-0.003638859379829503
-0.0033654758641304986
-0.0027310021832821912
0.0009065863480899704
0.006342006234346252
-0.004522618998111193
0.007439460331435963
-0.0033276089346902446
0.007031292399197796
0.007002913664889921
0.0004481086451295948
-0.007241718982451093
0.007015376531103373
0.003453549666454597
-0.0038097520776345425
0.00497024307819036
-0.0036407079184111735
0.00866250434811438
0.004874253243936055
0.007234662398819703
0.006087741247560585
0.008257320577119883
0.007375673753923261
0.006655867569146717
0.007047921640014882
0.008006528889587515
-0.0017789443600310637
0.0029984998352382366
0.00035762553156106733
0.029045252834940662
-0.007816758090931294
-0.002729951384564897
0.0020204501709416896
-0.00043830061230703713
-0.006534465780676531
-0.008037951560026362
0.010837541318602862
-0.00270367092005653
0.008904093128475695
0.007690532341814837
-0.001675359229152371
0.0025712309603351468
-0.005352915374283635
0.00736243128585165
0.0027219233127860386
0.020045778730508956
0.0004280369981799478
0.0028416718135216472
-0.003565292050169908
-0.035713546301314326
-0.0041889681703962955
-0.010917660581994193
-0.008175938304012734
-0.005559717055077974
-0.004878929890582813
0.0014348460061744108
-0.003998848028701165
0.0023731199426977414
-0.01586431934007255
-0.007241738499546138
0.002406523080921805
0.0023454451825794384
-0.006829520950159189
0.0071144705392027436
-0.019533948223651273
0.008706727039173806
-0.01031641761175354
-0.008075831511480218
0.002386408481981387
0.002558541598597307
-0.004760410454481256
0.0014491826812246323
-0.019019722964896374
0.00040614315824947193
-0.02121791717779195
-0.0032147131412066697
0.019414005999129597
-0.0029696919152447957
-0.008543749107794745
0.002689874551430186
0.018779649526148554
-0.009566462174177122
0.0035264835289039675
0.001971604801405722
0.028585383981974754
0.0005045329171551029
-0.006147985282080969
-0.0057800115878375614
-0.002775932594840464
0.0199729232780224
-0.008916078273466884
0.0022398934214024747
-0.004050994908220421
-0.005835144158843007
-0.008346405122089066
0.014820354589501395
-0.01043482267820703
0.0007137424277048272
-0.02262372351236533
0.009738817118300195
-0.009567437902290966
0.014642847562981811
-0.01277321595557655
-0.011725203081661254
0.0008235419616755682
0.0018510570108019359
0.01269161377825401
-0.010309745725525602
0.0028976480303690563
0.0008252368681064196
0.00968127911835799
0.030578590357497996
-0.0074287007405868
0.022037629280111985
0.0019047973532144002
-0.00956357712607964
-0.004662066251509285
0.0018491275619008309
0.005713042729637475
0.0018627733646019297
0.01509641853124771
-0.004809174667387788
-0.004819586128169225
-0.002727838967849042
0.004006917237498218
-0.007168433658900942
-0.009465188467603722
-0.0059881703697799655
-0.007242169130246293
-0.00936030236470459
-0.0027586600364747625
-0.015597474772494554
-0.0065063878200742244
0.002841087535444561
0.011049744307881543
0.01586676280305406
0.02986144395404582
0.0032632093362393614
0.02744299793434859
0.023636299258856037
0.017458401718395845
-0.007877431400473008
-0.0024318964649704365
-0.004106987631156667
0.006436082030690312
-0.008822570602773815
0.013068071616196926
-0.00276887375712267
0.025431098791684037
-0.006405456064445835
0.001322904528169539
-0.009857881304871991
0.0018560802466504058
-0.0027796092625260865
0.0018560893903845504
0.001998701775705452
-0.003742620205111088
-0.005944106699370778
0.002163074159930059
0.001852975493862163
-0.009229331894664844
0.0018561132885581122
0.0018532548260010075
0.001907971087828492
0.0008265232430377102
0.0018560916017044049
0.0009592020945367814
0.016694291304530415
0.01717653675182857
0.015996382794679565
0.0015505734825322162
0.002718320457803323
-0.0063342767442015465
0.0020215147076782384
0.001856319048444287
0.001945444388410057
0.005131111543482381
0.03815702041905055
0.004945623878769457
0.0018562236711147906
-0.011421968467006174
-0.006289618951033488
0.0018703148113321493
0.019135615594384276
0.027283756008596432
0.0018561513618424086
-0.0078098087275413255
-0.00435131797501818
-0.0006944646330746099
-0.0161541403846618
-0.004574223533745509
0.0032725043592371516
-0.02003555331234049
0.0023453123012465975
0.021902003150410635
-0.019842073202813757
0.026016958741673854
0.0019685934029750798
-0.005113117115003535
0.0021213887301759302
-0.003283198884660217
0.0019698112558408595
-0.004771571955711124
-0.013993869591974678
0.005164803645981836
0.002677951828257774
0.003827993416509143
0.02520094597285641
-0.005757835043102225
0.007792251373319887
-0.005086274746934669
-0.005207902547393572
0.008950842167786617
-0.006531620606885955
0.021597444713630273
-0.02499373260154067
-0.01322261732340417
0.0012755881592290705
0.0010364499010192675
-0.0058389123196720795
-0.005753564753886854
-0.005874633264851514
-0.005793495463132681
-0.005706992900036647
-0.005784710270033736
-0.01078394415093185
-0.005705589488697321
-0.005776760488983925
-0.012924269067871252
-0.013261239509971113
-0.005843926020489468
-0.005528486870411165
-0.005842788058321858
-0.00575343524370462
-0.005853239393426447
-0.005528176792115269
-0.0056698520436688936
-0.011672250234919475
-0.003976532550340771
0.0018306852802725954
0.0018586808906928235
-0.00561173528419004
-0.00585661064617833
-0.004803989761044495
-0.049744094323200844
0.0009708696796670809
-0.0057194953058579785
-0.0053744464690887814
-0.005843967174942604
-0.005545538807976918
0.0018582563920457411
-0.004698857127260729
-0.008227137394489338
0.022067826856886744
0.0032697675653609965
-0.005826008556410169
-0.005720276911954956
-0.004523699023574779
0.0019070393650727
-0.005096689625597579
-0.005870591331399939
-0.021115450378774075
0.0009354281351568033
0.0013148565877288806
0.0018650462672629316
0.0018582563920457411
0.001695869767284466
0.0018802203100286362
0.0019130553329334628
0.0018623213102026692
-0.003774392937990929
0.001844171458859886
0.0012071148683223977
0.015787044962303
0.001868802036073543
-0.0005171900869970292
-0.0061820739858125025
-0.003127772801559997
-0.009993382151050409
-0.0007171016538043816
-0.0019480667694394313
-0.003928814746617983
-0.004002913386257814
0.015665578596032355
0.004176475749890071
-0.003775601640675831
-0.003008722263728013
-0.00397593479206548
-0.0036698045914462037
-0.0037582788870373506
-0.0036531906092558144
-0.00329050885540984
-0.003669004683978458
-0.009921281774629047
0.0023354237388328843
-0.0038561372073846953
-0.0032904754144648593
-0.003636092261534666
0.0019158532196439147
-0.003254839845903161
-0.005779506800446395
0.00045574487022287033
0.0012919584737120036
-0.003560101194456377
-0.0023615118076376423
0.001921449644674068
-0.0029220842685968194
0.002041408963711131
0.0018710708094744086
0.001971967714395362
-0.013618514426192963
-0.0038930411242641965
0.001865270891975407
-0.010326991418287596
-0.0018906451715277124
0.003862694706277221
-0.00783621223127861
0.0020280953911003363
-0.0038866075867708305
0.013974109015346861
-0.005199320355594036
0.0018653991902955194
-0.005816900413968847
-0.003337759843684762
-0.003784554022291449
0.024938925027936588
-0.003176802380449182
-0.00304075503159118
-0.0039661134697241114
-0.0048624893163009214
-0.0011649060595554912
0.001969047041747011
-0.00010739249755707226
-0.013525313453393643
0.0026744085680413367
-0.0030642362737014193
-0.0036726512985865013
-0.0037765196006989254
-0.0031542880548758425
-0.0037171200889731548
-0.003923425754101202
-0.004009624107424529
-0.0031870565011851574
-0.0055758868422196165
-0.005055208740087491
-0.003290484514098681
-0.003974914973231282
0.0019522516371440752
-0.01606723521950576
0.0018741942699223707
0.0019227021756398892
-0.005814587278183599
0.0019196723541356087
0.015680389732286047
0.01338657873371411
0.0038928316977161247
-0.0017997103538258186
0.0020214007983643447
0.00186539020355366
0.0020439797897612694
0.0032693333482991106
0.0018750777559794556
0.0018656522439807629
0.001867013710207033
-0.004676741107970955
-0.00483277707162359
0.016018441036054817
0.016150421848527625
0.015555013143901567
0.0019186117342981826
0.0019992287767892393
-0.0071212648613445395
0.0019230220029107146
-0.0038625357145344883
0.015239305820305008
0.001977642328886891
-0.012966354308338751
0.003681418070651439
-0.012493708150615566
-0.0052357467209260995
0.00190479843274288
0.001961110571983045
0.030093718337535227
0.022977574890153025
0.002584413512305534
-0.010039032903450805
0.015032644078506548
0.0018650131307570822
0.0018620629299984355
0.0018815578274663936
-0.007241884304622586
0.002244874350078613
0.002328902846573975
-0.003290478765130658
0.0018657550090531328
0.0020096653559431056
0.0020188735914774512
0.015247268622746278
-0.004812566237741397
0.0038423842456997326
0.0018660390356448901
-0.005867916824397352
0.0018871340073916309
0.0018727784780062588
-0.009179787601361277
-0.005662679225435921
0.0019708277736054944
0.0019708277736054944
0.0018660461877133385
0.0018680318960060539
0.0018953524575146712
0.001866148781081708
0.002579483766527829
0.003272298743272654
-0.0036448822296413857
0.0020732170870658407
-0.0024257530753750128
-0.005580797152251914
0.0017075275508031233
-0.0039096551743407525
0.0036915339228648825
0.0018812582457090193
-0.006766682687519126
0.00021853115688133645
-0.004684066603063439
-0.0032904711285340117
0.0019206146511489568
-0.004404902395834822
0.0019153846380408352
0.028782894445782126
-0.010328938416832403
-0.0032874398722751246
-0.0037403284753987254
-0.005556911478818291
-0.011195410447253659
-0.0056980916088419445
-0.0020607971608930594
-0.00173354693023926
-0.005735175041350079
0.022252477935868507
0.015027872626581552
-0.0023519101176207187
-0.007241747073003771
-0.003747537182725888
-0.018781213612401274
0.0007939814646912133
-0.008096220209621632
0.008123397226912491
-0.011431755857526545
0.018879580960866216
-0.003013759471910645
0.0019241198102422166
0.001880183825581381
-0.016829408724176997
-0.005641410764260468
0.013530015212867529
0.0028407062500249666
0.0019305091431277867
0.001869643943452939
0.018552646478804183
0.0018679120007719953
-0.005468295851575713
-0.007241750009234133
-0.012613000135729436
-0.011173286083624188
0.002489843985163246
0.014191816057933418
-0.0038825802370128413
-0.0031991669135390094
0.00217541363825807
-0.005642035168194721
-0.0075303069949718094
-0.009915802420751447
-0.004913789136854589
-0.008680877467878736
-0.0038824481836483224
0.0012935757230056882
0.006493021895406687
0.001969047041747011
0.0018708278369969065
0.003305530777558745
0.010889353829104451
-0.005522987481976607
-0.0002422673708674837
-0.003558299236461277
0.0032723441600770544
-0.0015699085779232362
-0.005376406909897591
0.0018661383682114891
0.003036643028768824
-0.003936540617477791
0.0018654242404048534
0.006441451202971119
-0.005851924075968314
-0.008097148029426933
-0.008095599534653865
0.00931356676713316
-0.025784680807539227
-0.005875268055791657
-0.008252363898040781
-0.0055895230666864045
-0.006358894666519132
0.01212246614622924
-0.003643597157277706
-0.0037797378630775227
0.002175477332922555
0.0018680154104925913
-0.008101581428704614
0.00858063548798873
-0.01128340883658145
-0.007241465957158729
-0.009021054137755807
-0.003928141661556576
-0.0029044334048910513
0.0038755364983721354
-0.005789985245973621
-0.0037959595193181
0.0018887464942072504
-0.0092957838905834
0.001882568383799047
-0.000242061347210198
0.0018661171372928312
-0.005832084886610812
-0.005822728277503149
0.014506704420251357
0.001908241881124761
0.0037309661613162135
0.0032723017539971954
0.008785738358891954
-0.0032139285916768334
-0.0024665106648165715
-0.003835566013736135
0.005306125770617597
0.00197050983536787
-0.0046203208452298
-0.005840372160374998
0.015339192370390194
-0.005814487251074622
-0.0002432655098551311
-0.002965520866506157
0.0022812237359410154
0.009482097020183752
-0.005051165568822994
-0.0032904711285340117
-0.0032867330690695786
0.0018661926310287852
0.0018626073783508024
0.001866404840613543
-0.0032904711285340117
-0.005872317857211236
0.001865967428198719
0.0018654251303512309
0.0018654352067250665
-0.0036766849496375127
-0.004204062148126186
-0.009364350476206559
-0.004365895385851238
-0.00584213490224318
-0.003990926871176581
0.001896443193299998
-0.003235565391341455
-0.000185449631930507
-0.016838496310901233
-0.003461771445638947
-0.00387274782444666
-0.004450442221486331
-0.004011855651289338
-0.009215864807462611
-0.009512326068387875
0.0019691005639441996
-0.01891527383711334
-0.005015479347631908
-0.009481549105844709
-0.00329048303781623
0.0014818785994573029
-0.015012166673290238
0.0018654222772875207
-0.009596369634627467
0.001969047041747011
-0.0031603258792920618
-0.0020090536942796275
-0.00283566968651417
-0.0032904711285340117
0.011445795397895909
-0.0038282017732976775
-0.009610926734086435
-0.0027087565854412112
-0.004312906589620653
-0.002938685411998272
0.0056406307364853326
-0.00400111804440948
-0.0032904711285340117
-0.0039857336138595986
0.013071969330403013
-0.005612217720546387
0.0018682193032420035
-0.0039498513605239986
0.015052095963248725
-0.002450788713960405
-0.0017518474802463977
-0.005861585044004509
0.001874465841673659
-0.001010327994977483
0.003802241200736994
-0.00950794447989431
0.013080460282805155
0.015081352944393018
-0.0058752118267010635
-0.004312649501098124
0.004874253243936055
-0.005561243407278702
0.019549762485935842
0.003914622672783459
-0.005524851892481106
0.0019725897392492186
-0.003977673654313281
0.004008321805137331
0.004385109251179985
-0.01076570689629116
-0.005839780629345062
-0.00328745690227302
0.001872820803332364
0.0026716072035486947
0.015034515527566177
-0.0012231381927170642
0.0018663433446156911
0.014221789020419812
-0.005706552419758516
-0.009494456518751759
-0.007543758134327798
-0.014033349092788056
-0.0039016107777460917
-0.0032905095992907057
0.004735556056614175
0.009264018422055438
0.0018730157526876613
0.00322289058933775
0.0018717556135383082
-0.0009533476877961774
0.013282502400071951
0.0019673413722748633
-0.005296429236540524
0.0006079320104468724
0.001872824561577983
0.00908181584186438
0.0018953396881450867
0.003811721924635129
0.0008235383368375995
0.0006237839390316319
-0.0028805789427763344
-0.0032904711285340117
0.000690864163181999
-0.00788388524551707
0.0019558724995569427
0.0049258000020532
-0.007900555212367709
0.0018654225178143895
-0.00947312341025135
-0.009143312850068364
-0.00124980378011366
-0.0024622704922108276
0.0012817153256376975
0.001879026877842295
-0.007909900234801386
-0.009152308100846227
0.002529769048437098
-0.009360255625137266
-0.007796387258801329
0.000718568413063389
0.0007343131399825371
0.006258366120452652
0.0018654352067250665
0.0006557272102671514
0.0018654352067250665
0.0006846451652533025
0.019942238016613493
0.0022432332540994067
-0.0032904277886011794
0.000663028511505588
-0.0005171913770449346
-0.009484513983602097
0.0018654352067250665
-0.001478874410596012
-0.0028341427401199844
-0.0022570445340133016
0.0006361049816601362
-0.005396340124763024
0.0012005609930744524
-0.004644740117767149
-0.004653045367052842
0.0018742114575618673
0.001970313433344983
-0.0012534677069468367
0.003950355362960166
0.0006127400716736555
0.013105194574350294
0.0006184285428025118
0.0019675923526385245
0.0018653069344596164
-6.211872755845762e-05
-0.009519151584932287
0.013208049103502175
0.0018682466499373685
0.0023135029528425304
0.0018654543626564098
0.002669953871259997
-0.017919771342677995
0.0007804784515576086
0.02605525023907755
0.0018687937560827746
0.0006335005517427694
0.01563249584695288
0.0007441677487894814
-0.009344147279012402
0.009382818542763523
-0.017165021394565036
-0.007241728790807685
-0.005830488531595127
-0.0032284023789667217
-0.009483940547718402
0.0018675557634807883
-0.009169489638051866
0.001969047041747011
-0.0005171913770449346
-0.007857692363274231
0.0011739217851131267
0.001969118046972612
0.00923023542801534
0.0018656448092419721
0.001867843357486369
0.0018654352067250665
-0.009369342655535243
-0.020834056189913346
0.0018654352067250665
0.001969047041747011
0.001969031672273306
-0.00681579784186535
0.0003951898595979636
0.0007274295597383895
0.004518654486697054
-0.0014223266225925199
0.00038060132457707317
-0.005014474456669702
-0.003133173504637378
-0.007241759615063151
-0.0024695148317841723
0.0019514196514488122
-0.0039856714926545375
-0.0032904505098636195
-0.0018411494509504409
-0.0046203526016065114
0.003139774086318676
0.00209849872002724
-0.003652327663356153
-0.003808433580893039
0.0018686107755512128
-0.005793928066112456
-0.0177373911868658
-0.00025367373739748
0.012461078160675584
0.004674726890019703
-0.003652760279761656
0.003950317633005529
-0.0032286635127728863
0.009221455441984515
-0.003612063613388319
-0.005456900722873312
-0.0038904708028442586
-0.009379121188118317
-0.005788890045405042
0.012914619690191089
0.017396078245708612
0.0014071593597556732
-0.005855638095555798
0.011849183703424167
-0.0002408632010559424
-0.003585089465607864
-0.003289395664473477
0.001864563267871285
-0.005731587467869794
0.0045220751566112756
0.0018763693305677144
0.0014960364471136222
0.0007902426397222261
-0.007017547755072147
-0.006927551867888041
-0.004906408185004618
-0.006789011915237274
-0.007241426262839353
-0.0047799948905880825
0.0019825375365148767
-0.007839185170652739
-0.0029595527874358317
0.004714451321130607
-0.0029075473014134384
-0.002904329299932304
-0.0029002631310031685
-0.007376958507856255
-0.007170544113558059
0.0019726563469302716
-0.002904351756394614
-0.0029075473014134384
-0.0077340052868633625
-0.006421066366036996
-0.006723286870180281
-0.0066696054842491055
-0.007429075786184545
-0.0029071597436245732
-0.005319069318462107
-0.0068076580632015935
-0.0029075473014134384
-0.006774875948023268
-0.007720899123698255
-0.007735815729008837
0.0022956553075008527
-0.003593831480218074
0.0037222279036249663
-0.0029075473014134384
-0.0029075473014134384
0.0019826754972185625
-0.00290753840256864
-0.0038678283206308615
0.004576929736059049
0.0019827139532180293
-0.0029044334048910513
0.001983552428423238
0.0047345298670295015
-0.01900527932214852
-0.0029097090217074136
0.008501685512509573
0.0019825375365148767
-0.0040527347551496855
-0.0028959867392402898
-0.015258394624783905
0.011332542174730348
-0.018749394416641252
0.0020048871521153974
-0.031291599882816185
0.0020011082539796426
-0.006543977776306009
-0.00024113755025371468
-0.004409488950353378
0.0023612735511823494
-0.01582489002978152
-0.0028831472909377084
0.002070412281841439
-0.00646656862629789
-0.003198543678487922
0.009607365857585055
-0.0065107792767115
-0.006564915504044499
-0.005785353742194213
-0.004038799464349461
0.0019835530686793928
-0.006475968783760703
-0.001684995202955463
0.002002605607091407
-0.006563471095485375
-0.0044960765463226806
-0.004584659545198242
0.0019825845258969006
-0.00012064994762785923
0.001982508873287837
0.0019837300988975472
-0.0041070492382984745
-0.004073859020701341
0.0019839196863322022
0.0019740693616667354
0.001988736032578911
0.0019729081466208376
0.0005607939002765945
-0.00724143531204341
-0.006660922520681182
-0.009040535437107622
0.0019844132669651357
0.0019837313363973725
-0.01181794687973575
-0.0028954876282184182
-0.006485528163000276
-0.005848044465742806
-0.006580202539773603
0.01506339301948627
0.0010020715013150411
-0.006194056846834271
0.001987267150228625
-0.0021744281298934826
-0.0046360816012974045
-0.012636408252423103
-0.007241395365074406
0.002505216910059221
0.00198584856556837
-0.0028831472909377084
-0.009539353910640348
-0.0050577694215622505
0.008792265276672925
-0.007003283712129595
-0.00724150290028287
-0.007044733682096246
-0.006897572091921507
0.013360230768932379
0.010045674115332286
-0.005720645598575877
-0.0028831472909377084
-0.009669224443841457
-0.007714481658863037
0.0037195497342139457
0.0036544763994392003
-0.0030159820077401644
-0.011062560419937806
-0.0028831472909377084
-0.00641543286992708
-0.008069681481091284
-0.009411249583199617
-0.009173181577307227
-0.002772158939884436
-0.012456160873415043
-0.011447607648705997
-0.012312932527779909
-0.004789831019352572
0.00132297635570753
0.009661533258375488
-0.0028831472909377084
0.0017207776568106473
-0.003575973213791798
-0.004376614320701295
-0.005720056986282351
-0.0018798678979966969
-0.0048626473212640495
-0.004819807536420334
-0.0048245093947326045
-0.007585035913202997
-0.007329918004550543
-0.009587238553646323
-0.0045134693969143
-0.004427340100377694
-9.159064056334099e-05
-0.021837199725899828
-0.0031919266144518036
-0.02186048004175346
-0.0032409985348001375
-0.01979977575161606
0.006478772661288487
-0.019006999801965397
-0.007672823660535442
-0.0031838920146008563
-0.01876882888919727
-0.00186779124718573
0.02825447292203487
0.004150887448988266
-0.025818305257221858
-0.0006367347261154921
0.0021757066059456
-0.04538937702499555
-0.015823607055635607
0.002861342469723557
0.030340622411111073
0.005918562426510489
0.0067050945936889764
-0.03161325566431418
-0.0072893010418754655
-0.007289320783376167
0.015539504132061852
0.021621245517631824
0.011851831260865212
0.013934090400262698
0.015656531077462232
-0.016968866202561102
-0.058567288460385336
-0.03260663450443648
-0.02354785348860183
0.0029911415775652106
0.022282123934797296
-0.01244405482917364
-0.006044812544966697
-0.005567422742333519
0.02668857406836814
0.02634075286882533
0.04836228500800091
-0.023963982349751032
0.020343127592632144
-0.02452607033738588
0.028897965029634896
0.021051705335649352
-0.005616376857623043
-0.036382137734247304
0.020299811000259467
-0.005658872987972359
0.02523544705208843
0.010803280062201895
0.028944261949128847
-0.005639944168389092
0.014208468938618326
-0.0018192467632810129
0.028921006143212306
0.028921101716596946
0.020427181624509797
0.021310741149430223
0.021029771914262873
0.00023540252819400297
0.020334523815027386
-0.005661869909546352
0.028732759046565005
-0.003916782415196027
0.02028447583225826
0.028519734216540676
-0.0056434545272383745
-0.005647748878688721
0.029072808433397344
-0.0056450589381106826
0.028976743511136747
-0.005630101180073876
0.028538151491965775
-0.024008075113630505
-0.0056587560130239535
-0.005630296279520644
-0.02398897076758298
-0.005629114414329998
0.02287315210238348
0.00691138604088349
-0.005620633579577895
0.01424648489420798
-0.008230036601455807
-0.0056195012268442455
-0.008172409356082691
-0.005618132954993656
-0.03213509346270974
0.011138719380726365
-1.0956857062535273e-05
0.006926627490160238
-0.046974105024643
-0.006018531003791826
0.00023475988852267424
0.01451565620968749
-0.006019262384764447
-0.0060026058713271
-0.005630124220710173
-0.006019321122386259
-0.001225688141275786
-0.006019252800239232
0.013352997836002576
-0.00861609313339852
0.022893862617479003
0.018593950640891643
0.008030275821282322
0.0007212518804544527
-0.005597366362009891
-0.006019214265117767
-0.005196057510698579
-0.005600862666680882
-0.0012679534983593937
-0.008481906228224067
-0.00861608199807879
-0.001224740494407576
-0.006019252800239232
-0.00861560151891283
-0.008187319257383478
-0.04433512032976742
-0.007247257912110146
-0.005630070397854105
0.010803130374944547
-0.005619459971925699
-0.008110904023708959
-0.008093248744456648
-0.0055212487358212116
0.0027564436300664616
0.00028728832621383174
0.009924357329449723
0.0033481136743939936
0.003219520602020575
-0.0055332062553999466
0.004211647176866611
0.007749594323583245
-0.008229080343857952
-0.005505861466182735
0.010803290657658764
0.0028174862104476373
-0.005905589842604288
0.0028265493407372924
0.0010552184918773931
0.0005868264509537881
-0.005633056166201977
-0.004712870831885179
-0.00020166702978530453
0.01240652787642831
0.0024917396726115244
-0.0056255247347978465
-0.00017483141937466455
0.0028769647334273723
-0.00019216376308185242
0.0024340011520165464
-0.00563325994651647
-0.005322444415268241
-0.005633130714719511
0.0026761863790989698
0.0032912152246591044
-0.007539094674282917
0.00890455798130861
-0.005568171872044401
-0.0066108229271371974
-0.0026549093784717804
0.0038685750370581226
0.0024863734385618032
0.006966218988547195
-0.009177662582417648
-0.00941560393752291
0.01843400807225322
0.02507442475403329
0.006815018350286914
0.0028761443424738316
0.013100212766915309
-0.0031893113423744207
0.0003083133123251064
-0.005533312072179262
-0.006615161792959068
0.002596069260686203
-0.004503156164096735
-0.003196708648604149
-0.0049484816038270815
0.002441129433255036
0.006792170422895153
-0.005581806225911416
0.0004863776562638348
0.017202541531907943
0.006778406784196447
-0.006735755863047338
-0.002955704521956551
0.0030104062995888934
-0.0019182114435434853
-0.005572053398900871
0.002893195860083753
0.04056910772346286
0.005200665405377052
-0.0031465383733509855
-0.014368848849201797
-0.016847668134381613
0.01746325531576411
-0.005581899464698037
-0.0010575203753263277
-0.005581843491122851
0.002395010390867373
-0.002101850332757726
-0.005578729594600463
-0.006044341380403184
-0.008522670312837143
0.0027014151252952564
-0.012838344341531525
0.002650457304285793
0.0002190096480548
-0.0004501094134696375
-0.0011805196675634504
-0.0010664631983679132
-0.003597176702614254
-0.0011271180484507975
-0.003597176702614254
-0.001802341266441723
-0.0035972233568047733
-0.005558043577961259
0.0027863266833087247
-0.001040133112742403
0.014341627790110357
-0.0005708488349214923
-0.0035933881904668306
-0.0067559474614713394
-0.003595450414957127
0.0037981569303969648
0.0038702177166891455
-0.0001864365994244643
-0.0012612772825866475
0.002631507905335986
0.011785625793967785
-0.003597183163609204
0.025429646437489174
0.003119235103425358
-0.02878045437260665
-0.0009033162837939376
-0.0012083363348029475
-0.0007140033985282831
-0.0012159236633737442
-0.0010909021347138145
-0.0010641899529959008
-0.0008710071136077627
0.004925492267964367
-0.0007228470217103887
-0.0055818775616395255
0.025416822715661938
-0.008577171547118446
0.008652699502306807
0.008843356137741834
-0.003597054010795668
-0.0035971779991109194
0.01829783787332936
0.0023949676858479453
0.0024532412392384998
-0.003479892090000519
-0.0036258315355643597
-0.006778619807567207
0.0024485446016865014
-0.003252303730081066
0.00024162561091996837
0.002490495373903464
-0.014363077818577947
-0.006591555864080339
-0.006651677346708971
0.01853327209682844
0.0024576945540600113
-0.005578522219299186
0.0026059397762276076
-0.00427009577168048
0.014185362322355882
0.009540382687904567
0.0017752642729744561
-0.005567002181988728
-0.028733380265209562
-0.003624377590061678
0.011138792756766857
-0.001179098699862764
0.0024576453061516245
-0.0008896031973300677
-0.006461501400617893
-0.002735264676641871
0.01528999660241496
0.01411206749222557
-0.003324757917459407
-0.0032651821720606714
-0.00557844227924568
-0.0022679001557392455
-0.0023189038869792437
0.08233003355170249
0.0068738099157129315
0.0065942323170729185
0.011826409022791152
0.005871360056712123
-0.0018856506455202167
0.0006677565291851335
-0.0029191606433034054
-0.0020171939858316733
-0.0008852028193338848
-0.0016328129636407913
-0.005561206236786251
-0.005565137030077844
-0.030296509877882547
0.0017421940954584765
-0.01747636985461595
0.008069563272567432
-0.01622817966153542
-0.027739968483601694
0.01998400375980903
-0.008520553105417692
-0.014568924605433192
-0.009508645364760456
-0.004737362390279455
0.002577523993169504
-0.008520960032868004
-0.0005514922212907212
0.0013404625561633844
-0.0054243759659114345
-0.0032331671509996775
0.001347453574364462
-0.03215064928656324
-0.008520225032773995
-0.004257610561034688
-0.008520951004352623
0.006740554011595031
-0.007248771455345726
0.027824679426205527
-0.003958488111319521
-0.003088006056908222
0.012010958119755173
-0.007593844754224829
0.0017478094867394633
0.047544552047125786
0.02129145182345627
0.019889294673466708
-0.004436402144095763
0.011199620000782388
0.0003991598177047749
-0.0052988568040303295
0.005838695570098643
-0.007136492646552213
0.0013406271305348822
0.00867277141163063
-0.0066765457876165266
0.0022949186221686716
0.004124741308589367
-0.016846560160087513
-0.0008373304499339414
0.019799991397150444
0.0025732456983560835
-0.004586172316964623
0.002858461864518224
-0.018652952098306672
0.0014015748091604923
-0.005461259801986308
-0.0009115867523626426
0.007091845470155088
0.0014035520469468663
-0.005450585384546498
-0.0004469934083056554
0.007758840018772981
0.0021740620559909827
0.0021509953518884404
0.001172038963756003
0.00973580080665241
0.002573630041493234
0.0018911510925630087
-0.003240064523606065
0.002218613213416224
0.009753345012306533
0.0032289328079009023
0.0030202154326589396
0.004085039568005508
0.010950721477544953
0.002909473742901814
-0.00545857920317197
0.008556502651631166
-0.005941149489080638
0.020411806086452437
-0.0036980102287472935
-0.005166221359134185
-0.004756281073355944
-0.005027935359990645
-0.0040637498761296265
0.011004720210568137
-0.005086332988738961
0.01087896107696452
-0.00044788688980054324
0.001409555806496493
-0.003344630495638888
0.0010186240088306158
0.011732375819980097
0.011708595372456025
0.009672753451595323
-0.01283731036376053
0.0013801927610014478
0.03451844704785104
0.007953867406087872
0.0011934768156632973
0.0007849131203793837
0.0015247902776884747
3.267846913565482e-05
0.0021831475449449527
0.0014076367568856612
0.002241309755567121
-0.006216403411603842
-0.0038917993561505384
0.0029514820131445567
0.003384776334225791
-0.005462561297245361
0.004943127852644067
-0.005462561297245361
0.005467044085871538
0.001405312686986198
0.002192806749342014
0.004714773254985115
0.0009736751019182922
0.003997528908696395
-0.005082469566396568
-0.005449125422941159
-0.005462561297245361
-0.0014997870183646868
-0.004063131768760936
0.001001859580544375
-0.003687557997610757
0.0025732456983560835
-0.0015399215862775002
0.01217118751989423
-0.005413006314804208
0.010044721223272646
-0.0074194553402609454
-0.0054625791092886115
-0.016942917038447504
-0.0006888381850897004
0.00302640999208823
-0.001502613889798816
-6.287226874243724e-05
0.0025732456983560835
0.0014053630000038894
-0.005527510503860421
0.008011966359289103
-0.0037382716939400318
-0.0015938043195939133
-0.005451664784746805
-0.005462561297245361
-0.0054579446527024235
-0.01292727901891573
0.019261723094239874
-0.007450350963601361
-0.007243473567498539
-0.007449399527623707
-0.008209702984386788
0.0014056738315661055
-0.0003829277408982453
-0.007306161896481735
0.0021928460570777943
-0.003630042650019867
-0.000446676110496145
0.024945872291218606
-0.01511903895954714
-0.01290199200067936
-0.007064090587984014
-0.007014203126800826
0.04024573659836206
-0.005462561297245361
-0.007243358691896778
-0.007272985897734536
0.01849135417816362
0.0018091291612627467
0.0014078113721737297
0.009942437111886514
0.0009944749780302477
0.003199350419633322
0.0021758285078206617
0.0022554527982287867
0.002131129296711207
-0.0031743598028235987
0.0020429126330102874
0.009705905966975069
0.002374614837836556
-0.005424563887379169
-0.003251630363319857
-0.005462580105545112
0.00380754145022206
0.012314517232177488
-0.0003813913822709142
0.045480512084042406
-0.01600790085203264
-0.002412647891199456
-0.0038668218927587015
-0.003959095891568178
-0.005462586438923065
0.00140688317539094
-0.0004246757679214281
-0.014443010566267227
-0.004058985215169534
0.009532789532771549
0.0002717395340357798
-0.0054597892223912994
-0.00908513115067245
0.007649992315050336
0.013011632274454482
0.002002251725528174
-0.0054626416321868895
0.0021359874060740986
0.00709668308959247
0.00641759193873037
-0.01774978234790674
-0.0006673096462395674
-0.0054623770278043535
-0.01599344221403055
-0.0040444356695674265
0.008767329474609552
-0.0004382090973432978
0.007171881370569564
0.006718187660758137
-0.002745840773899795
0.001386637778086897
-0.004973638745587825
0.007202128287589494
0.0073088845272579585
0.003357010611547169
0.007200533589772461
-0.016094437975519373
0.005002050342567136
-0.004058489382795883
0.0012740844616918386
0.013687072001905269
0.004473788599135659
0.006151598717380919
-0.007248789612461187
-0.003244337059322541
0.010895612032003722
0.002982138780661215
-0.005457322300016702
-0.005461393760487668
0.011606888599622698
0.003483699685730057
0.00330690722241974
0.010482137088982733
0.01295612062176637
0.007588632786828896
-0.005462572931166875
-0.005443621796060448
0.0033689372213046988
-0.0054625639037528565
0.003949230418572493
0.01959493341330095
0.012917494462115934
-0.0029628949354784957
-0.001631115102820397
0.00139377721191953
-0.0029772432745586814
0.023515995747577005
-0.05432483782531391
0.004978477878310273
-0.0029772432745586814
0.02372455047452522
0.0235519099009221
-0.002975238797079339
-0.008334359182396743
-0.008664397929761314
0.011682815114751747
-0.008023995098839155
0.0034938526398290786
0.023513025961784683
0.02353123516054031
-0.008770934994970066
0.003373382246786593
-0.0002294013295985055
0.024153685269403955
0.02448807756454745
0.0012410054003886219
-0.0029770754597216267
0.016383562573980666
0.01496069254890679
0.012213875433065072
0.02391685773030159
0.029008476208401288
-0.028387280759967697
-0.00043855641640299487
0.01894138931259895
0.02361656449832919
0.023511454470034252
0.02368951957329369
-7.717095745301814e-05
0.01324334674964308
0.006288789225090615
0.008861721372249989
0.015013312622853485
0.00139377721191953
0.023512931638950435
0.0009957567006581753
0.020397792037416693
0.02351187762431961
0.014669569361355897
-0.0029772432745586814
-0.009247928550669438
-0.008599731526083149
-0.005657881208447887
0.021002510801287094
0.0013941891966675018
0.022612084360052687
-0.00297723353773466
-0.0029735681992331545
-0.008597360719449141
-0.0061488384567350216
-0.008471310836977745
0.023856393698084337
0.0009893224463059758
-0.001307229326903497
0.0034439386212331753
0.008955405660638328
0.007676120475884608
0.002526190944667105
-0.016715514505154332
0.0013186134482396459
-0.0013074386294450275
-0.0008442509117217265
-0.004025190132700319
0.0024237741527975993
-0.001269487108065426
0.00860957195147177
-0.0028031915913903395
-0.004343050991855361
0.0013293722981199802
0.016611835478893094
0.004557246065007588
-0.0013039404430973977
-0.011829155703386086
-0.01803941065409462
-0.0013049216585139275
0.024109206631641737
0.0009610262292202512
-0.02681936452186135
-0.003460714860807553
0.0025928827868025544
0.002656071316480089
-0.013632093027274094
0.029257033482752125
0.002797937472225154
0.012996230754144161
0.01383024335934439
-0.0012687733551698833
0.0016000263938677954
-0.008153489809358223
-0.0012954387253104297
0.0036114964615881046
0.0007311647853434195
-0.002830758103680248
0.003553338796631215
-0.009149101088220342
0.0011245792979713443
-0.020219263441659148
-0.0014463969435341076
-0.00019933291880846685
0.008806543675997269
0.001729457571860735
0.002242075216774508
0.002204156320799317
-0.0014929871205174743
-0.0014926508470562698
-0.00147192360967457
-0.003106929336742081
-0.0035314539910216323
-0.0035532024251719715
-0.0014931722134725487
-0.0013074413015461699
-0.0014673161669793587
-0.0014721106775093828
-0.0014801197522165226
-0.0014930584807186173
-0.0014852691285250196
0.0001248359551496921
-0.001490438354365624
-0.02623041563853258
-0.001175821723075278
-0.0008728870776423274
-0.0007347431901253495
-0.0009811646837782507
-0.001704951376055081
-0.001481839803233857
-0.001197074039539011
-0.001527663814395541
0.030674214024822153
-0.004934866089606524
-0.0014928988828043094
-0.001472191621032247
-0.0013078200675372322
-0.001107391753644095
-0.0014736299831555693
0.0003165977632101542
0.0006940018093246921
0.0036447980613910588
-0.0014686982157225208
0.0011785348844191603
0.0024836813806004237
-0.001308166306577442
0.001097274089291892
-0.0013044608636277706
-0.0033023554650470958
-0.0003665006062594278
0.0010102282266581792
-0.0013304189144824562
-0.0072487531731496605
0.0009252488959773653
0.0024474727887875197
-0.0013080148325202135
-0.002412647891199456
-0.0013081790803691074
0.0010018826310039368
0.0012922887338818062
0.000904737561424536
0.0036741304142034136
0.0003574881993736275
-0.0013044730643790357
0.01820687256614577
0.0011067743348277203
-0.00130816063227198
-0.001227097306158638
-0.0009803511381111952
-0.0009774585665550143
-4.540816081947724e-05
0.010171888549792823
0.004272567848004479
-0.0012605040512619166
-0.0064822053483547006
-0.0013043345753085895
0.0035036531478896907
0.00272883241189481
-0.0013081307719378429
-0.0014484535488374906
0.0015101994911126812
0.0034792596784134606
-0.00349881512940862
-0.029048358795944272
0.002857053119979745
-0.006759195481146221
0.0014109679456493552
0.002515554957227534
0.025240830479553906
-0.0023964634178897035
0.0007916565563620113
0.0006403220960596093
0.0012751814567508592
0.008626658729926647
-0.0025972133464350813
0.0034952634437399282
-0.0013953989107567011
0.0013187397112530707
-0.0013415041616671682
-0.0013081359389532756
-0.014222373324177473
-0.0013918025399430821
0.003493924988711576
-0.0061841565928128645
0.011137246515611121
-0.0013033508336750736
-0.0013081608201160524
-0.0012376313364214956
-0.0023923339220418846
-0.0013081705727282418
-0.001408872608359867
0.015066004386060119
-0.0075931675018658905
-0.0012770481638089647
0.0011538536058283981
-0.0065116151079244065
-0.0014320943948655336
0.004855440642577647
-0.0013081359389532756
-0.0025652096867436296
0.0010515448393076357
0.003485568467918863
-0.0013420281174295879
-0.0013079354698756008
-0.014330775167120158
-0.003137012441550685
0.002296521950955973
0.0015861009267703835
-0.004472371753481409
-0.008319947622236758
0.0035335411667881313
-0.0013081359389532756
-0.0013082383298779082
-0.013833654601526954
0.0034951658784180316
-0.0013081359389532777
0.004330058214408173
-0.002244540828937311
0.016298906519872168
-0.003351077674332894
-0.002244817519258364
0.0013784321751734792
-0.0011326756974521838
-0.0037823406954584533
-0.0034246942184794223
0.0010043553603374287
0.004827921237780719
-0.000963371028820352
0.005492519564026867
-0.002254756145636006
0.0017510312951341438
-0.001305099780618304
0.008731102908887556
-0.0076161942147346595
0.0010989526515369841
0.0035043213694033
-0.0007695143694649179
0.0013186226431672436
0.001325065224814231
-0.0024307117859930336
-2.9335241621811724e-05
-0.0009807963767545622
0.0015776668229401055
0.001321761006994421
0.0013064900481194676
-0.00466205445512846
-0.00784682379646267
-0.0032337545386851452
-0.0009805250949938133
-0.0027499851488426434
-0.0014475134577330167
-0.0014431577108668114
-0.0003482056403190697
0.003931135144433763
0.008202436148217578
0.0020577770623888565
-0.0013845818757182982
0.0020918499413972278
-0.0010050120564344147
-0.0215053891001421
0.0024929667435573464
-0.0023797846694368716
-0.002292472701778329
-0.0022922974826450515
0.0007720791235606348
-0.0022654198685791603
-0.0014921054854363958
-0.002332982859545481
0.0013049267274808584
-0.0022969095983650465
-0.02188686021672498
-0.000976624057286224
-0.004870959713005316
-0.02415907119519549
0.003493924988711576
0.0035453040298597887
0.004103789326787529
0.009682819814957416
0.001037390285568042
-0.019894158642553495
0.0011041435339506189
0.001321742739260115
-0.0027406449666685633
0.0013704799364976517
0.0010999315894368554
0.003501711307405935
-0.004022279131430086
-0.002274034149514375
0.0025449195113291757
2.908073786176911e-06
0.001759477214325524
0.001962359566611288
-0.0027421091617875976
-0.005597165852632366
0.0026443646326023518
0.002615997495260832
0.0023952362104577465
-0.002412647891199456
0.0010373767149771335
0.0013478067573057249
0.000997588565112762
0.0008974713640605716
-0.0007428050596791107
0.0034940141468460303
0.0091443503008559
-0.0009840464639014302
-0.02828909211756271
-0.002412647891199456
0.00982797113137949
-0.0009813459089302219
0.0033342401574946354
-0.0027857861229149817
0.0020372340260053174
-0.004588681980521984
0.004411721719652973
-0.007514761929020707
0.003493976431296377
-0.003335005920010134
0.003493924988711576
0.003356822793515937
0.0033439484575768226
0.0011377756013148188
0.008071625743764351
-0.003311519720950098
0.002904697682154601
0.004252693308919643
-0.0075931971530645076
-0.0012579196748086336
0.003299215375525879
0.003465556739539206
0.004039363443344899
0.0010309702349531162
-0.0033771971461476835
-0.01170461233392973
0.00013676656018700797
0.005920801157713138
0.020551075020076942
-0.003447995184717599
-0.0032074892803855928
-0.0034471001100476488
-0.003128042305484936
-0.0033066505009940153
-0.003428449239757128
-0.003253565417975096
-0.003260384029140651
0.0034966125523884853
-0.005729027049462076
0.0021369438970431647
0.0059235987351392285
0.015368088759335978
-0.003280866852440688
-0.0046372513509575644
0.01649137238866736
-0.016017271394446163
9.627688355717279e-05
-0.012382428069454849
0.016424478906439992
0.004410073469642785
-0.01749118344990084
-0.0051451032733218416
-0.004337121266113876
0.006401160052201833
0.016425727645299038
0.0027291668285596314
0.003081248470214889
0.016427101791315103
-0.010356518474372403
0.02775924153279913
-0.019841261074206824
0.0059180978288237
-0.0025128889279757392
-0.0160860536244366
-0.00511581890098952
0.005449915444889472
0.003517803920509657
0.0022301168904789743
-0.013037884247223313
0.0015837505061611086
-7.718452522032781e-05
0.01081368864444352
0.010786218463658098
-0.005155947646638075
0.0039647819794830785
0.007024472113219011
-0.017365751858544106
-0.0013196274436328404
-0.015748931657954206
0.0020552401041889923
-0.014088656671388524
0.0016001533808500546
-0.01788967604935525
0.01642580450544071
0.006763859925324288
0.0069923805067772255
0.018321212888240575
0.006997086886353709
-0.0186729491010316
0.006411852769041743
0.008883228779720214
0.006054647311014588
0.003601669198537808
0.006819531207853763
0.003676383799158944
0.012757189169217304
0.0060063575347039
0.0029042522169928212
-0.0012793549431710865
0.006834877798693467
-0.02232534858189969
-5.793314138828266e-05
0.011078716309802467
0.01964954430821122
-0.0004983464306029429
-0.017327143785499283
0.006902033242393685
0.006179569934517675
-0.0008044180054821319
0.02393816306527483
-0.005694676466705372
0.006158557626753562
0.007503900965845299
0.006493130916187978
0.020112431584288375
0.017400226591160372
-0.00020523739311494342
-0.00516293442580885
0.01020981658637121
0.0008593758408592349
0.006923198066003728
0.015195352535004893
-0.014908212899880853
-0.012876806384651935
-0.01735099389115252
0.016409665302443702
0.016609969282140345
-0.01225088916000187
0.005757703059533443
-0.014191592016584355
0.012125267739332535
0.016441753925736134
0.006966155262418752
0.0035515930105322288
-0.01968491719169378
-0.017379894804048425
0.00575401190816222
0.006853927662640161
-0.017345746513521602
0.0054536516183401
0.008430893432640254
0.004297976356725755
-0.012108929667323128
0.006850507658329945
0.005342161548176756
0.006762861490997396
0.0030621129096369357
-0.0051578418568311865
0.0070434749804549
0.0069729464712402055
0.0035184611899790196
0.005764252535393953
0.004065426882094169
0.026202873082420666
0.01642655479099223
0.016425921710399614
-0.005161254371632088
-0.016973390680431598
0.005321804057400148
0.0069633996139548395
0.007132333906714586
-0.01736398750830309
0.016425980272512863
0.0035968549684872943
0.007038854753692412
0.0019344780101579443
0.007149220973381227
-0.0005429760456441587
0.007114216924655297
0.03445912860756898
-0.017250315549457752
0.005028329994482886
-0.011759633454694177
0.009569724281880456
-0.017371464020954994
-0.011348050756934654
0.0027017351050571026
0.0011856206821966844
0.006800217097971802
0.006729565645950372
-0.002389741267182386
0.00677381193755951
0.0013768231267247322
-0.0014854539819962424
0.01758717672216621
-0.028360929593977683
0.002571601869140925
0.017776264060463978
-0.000825517459720519
0.022433009462138154
0.006570136487704334
0.006572882157130003
0.006734778082407778
-0.005168955545686662
0.012592381941167628
0.006638297761921537
0.004624410552164896
-0.01710077667749672
0.016427245119669722
0.015671432407493822
0.010390905279571698
0.018977006188520835
-0.017286744026141134
0.0035229661358884548
0.022838762574947727
0.006267193704818961
0.0056162240410078095
0.00685673510722297
-5.223522992502126e-05
0.005374717097071692
-0.017327424177032043
-0.005161825792442701
0.012934935494032197
-0.004910130633137461
0.006016226316675549
0.00693164620353828
0.009958442892592942
-0.012559993961523543
-0.019275172027313988
-0.0006449938350736896
0.016880156291582887
0.00706383750496901
2.886266929732663e-05
0.006977941787732101
0.007335546840977993
0.006467014656539193
-0.005135511344767391
0.006272524161557469
0.006817005777384119
0.007755727745081237
0.006934368782554347
0.006018225260704341
-0.0014026669036167117
-0.016245247067457228
0.006596734664218739
0.0024172675869936554
-0.0038847142873223764
0.01583436140787956
0.006718290189313688
0.004533750151688748
-0.00516072325899701
0.02044447347871912
-0.02897521768128168
-0.03587967699033355
0.015088934398060057
0.0069557581550720865
0.007385794757323115
0.0035180665272375685
-0.0006149074614774015
0.0069018133235595885
0.006982511312344974
0.006852189009511647
0.0059540240591214625
-0.0009415969847227705
0.0039060136643420313
-0.05241774137581211
0.005011668166568359
-8.153521647908865e-05
-0.006040491580212671
0.015402663751449342
0.0034639201826656327
-0.021711232756094094
-0.023342832211374898
-0.014984311478044651
-0.01856037506097534
-0.006170379906665029
-0.007005469586758495
-0.002542058814559895
-0.0023782626208132544
0.02133982044924398
-0.0016360646420955516
-0.002438530750054127
0.005611875733476333
0.005065057616941077
0.008878489046015245
-0.004011455748250927
0.014298238496622744
0.011090122463718903
0.014954782516920973
-0.0038813774048285943
-0.004071095351804116
0.0027272543094686657
0.007974503951464276
0.011054855237031765
-0.0030372698902007647
0.01604180195273058
-0.004049862718732494
0.012207038769349332
-0.011569225388442022
0.00641339445063265
0.011384669826508285
0.006409310566968463
-0.003858280631849837
0.010128790385447617
-0.007034245358549929
0.015856185221707755
-0.00017630668118720825
-0.006842620915141829
-0.003790523439483964
0.004235329210392849
-0.007172213160380091
-0.006673608500375155
-0.006694486889555885
0.005797480228265438
-0.0010015476719268277
0.007154423081830903
0.005102580427242913
0.004143205934341609
0.0034844824592400224
0.016623462807225722
0.003917384189207434
0.004204772842909772
0.0007325025545137995
0.01891277118428771
-0.008439257087947448
0.004036595494673123
0.003907835010145188
-0.0014506076220085007
-0.01117384872009043
0.0008112553159983098
0.0033503361089241095
0.0038838897610663893
0.002990065553282416
-0.008867330217263275
0.0032708848131268974
0.0007335431101229135
0.0003540938607885586
0.0038801133269719358
0.004010060545753409
0.0038800691569026093
-0.0008734176672569306
-0.02041612749122877
0.003913330763780962
0.0032177262748464973
-0.0008405121313418058
0.00021021053682588172
0.0038851251200346976
0.0038809655219552734
0.003894511782516629
0.0038802312473112405
0.004033205256497793
-0.004452884006307721
0.0039025520853100777
0.004134132059046023
0.004164400223120988
0.00394506509440477
0.005248184718215983
0.0038881998661978124
0.003943479386042853
-0.0019099796096632194
0.003936502082854971
-0.0007219682063492373
0.003891624138901263
0.013418348011060016
0.003909897525274142
0.003929101321573761
-0.001647491335883008
0.0038801292483374664
0.003933058544769925
0.003880305630732871
0.003883094590305805
0.004000021244336926
-0.0022685732736467323
0.010700122328755411
0.013301262539098191
0.0026776684640860272
0.003884569183126464
0.0041416111260040335
0.0007960873324836725
0.0038933199520910637
0.003919293326963293
0.0038824687599854305
0.004035954598415378
-0.0032674180027781638
0.02331138724332841
-0.0010737446108270486
0.0011319486617844415
-0.0015842747863510681
-0.0016708024471636732
0.003961375020324566
0.003889124660840484
-0.002387181806601029
0.0038951718219869917
0.004619890598927539
0.013829369544855112
0.0024048433966989725
-0.00471835417538343
0.003898075779476932
0.0038811485797745444
0.004365033536180384
0.0039439307139921345
0.002216762486454591
0.0038762160926546904
-0.01073291760920386
-0.014611963074887276
0.0024586327727783197
0.003882335689897711
0.004742789542340056
0.003975263326114403
0.003877466255857745
0.0009401691199270581
-0.00877416426250172
-0.004281418334225745
-0.002534460868030839
-0.009726242164824242
-0.007284425052638452
-0.0072493328739151085
0.004029924439730606
0.004313299930577696
-0.009421450257110242
0.003920910818763592
-0.009963434898865935
0.0039448304797090284
0.004350921400357228
-0.005394692229310628
0.00395407494346429
-0.00284560144396195
-0.007216903869522476
0.00389696835073938
0.011410404109806436
0.005115735115165051
0.003880454393741949
-0.009462273365651079
0.004124083872374595
0.003895180043556308
-0.0024251105731448704
-0.0017931136943486461
0.003878608266682803
0.01331381536330032
0.0039017669465202403
0.003880760245702094
-0.007646905846430024
-0.013772415336321404
0.0040812741311556005
0.004028229459223499
-0.015523470091674612
-0.008615323860948326
0.032986896308754766
0.015311194119159625
0.0082655453369409
0.0049777076840265624
0.004997121959890427
0.0041153465416097846
0.004071473364988744
0.004052563109270048
0.003969604319119083
0.0038961602001873572
0.004738527455421029
0.003889639072635798
-0.012098806619787445
0.002310736470648824
0.0040464787915084205
0.004330721436909299
-0.010633105576968649
0.003882049289085478
0.002307430671982178
0.0046253723473209975
0.0022454800526687064
0.0039542958832359636
0.003958267614481341
-0.014798221284027791
0.003971352869512259
0.007064579231665038
0.007088933166200959
-0.0007203802554977808
0.0038904844374997418
0.0038775296868909935
0.004031382183769137
0.0039844368131147145
0.003880371935880518
-0.00695221563466449
-0.03302096942123962
0.0038772939902110117
0.005394022699733989
0.003104542485675381
0.0039945142615346995
0.0038773545868348662
0.01773322750039088
0.003923691878958602
-0.0059113173136752005
0.004024978972283694
0.0005601809557380944
0.0049945565549763165
0.003894745014611334
0.006132740327830563
0.0039020335775944094
0.0023412056228346765
0.003630009830655344
0.0038897913225920903
0.007047638931594455
0.0039564084195776944
-0.020493185010414163
0.0039044169015806014
0.0038797735730118285
0.004118419817525106
0.004670639221864988
0.0031416090621233313
-0.012498061355476106
0.003907797498193349
-0.005831915685604527
-0.00496481520612919
-0.005751516052418656
0.0038791518520258353
-0.00015542575816307984
-0.007049634759540377
0.0064729254420645
0.004046531829179065
0.0038841306556394307
0.0038651783403966834
-0.008931971172097404
0.00388174518869484
0.003876604391375589
0.009400618075022734
0.003874527613894752
0.003105648397113426
0.006854177571601068
0.0038791943284137115
0.0040246648654856
0.0075968541962509375
-0.0013390847154689215
0.00395198590582074
0.0041741725771349955
0.004061674875069419
-0.0015485676580744587
0.0049683139912401475
0.008779039832531203
-0.007102622128982675
0.004027659595649848
0.003877813370968292
0.0050289762504700936
0.003992215941490518
0.003987126600808619
-0.012566904527242462
0.0038816436932578523
0.0038833349692685357
0.009001400235661592
0.00391611411823336
0.0039014859881101468
0.0038885438321176655
0.00395024394650924
0.0038776473324233203
0.009038593948842707
0.0038898508325644634
0.0039031382415581004
-0.016535194342146516
0.003879585689845088
-0.0012977022315703319
0.0038795195185054657
-0.001548592765618709
0.023834059030135087
-0.01291847233398363
0.004041738249264902
-0.0039666989258307665
0.0051471773727203626
-0.0039302767044998976
-0.012872773860664913
-0.004867838255284826
0.00423778941766516
-0.0007720803127960078
0.005891891853113083
0.005150055499152095
0.004361311554882674
0.004101525130245632
0.004025695022873021
-0.0005886368327867687
0.0051155981448263626
0.004855689836184342
0.015175463250654324
-0.013093317373604495
-0.003440915120938456
0.004025875453023697
0.004048337199981723
0.002280452635904015
-0.03369446236723444
0.002086448054785799
0.00897897679097699
0.004035445404910862
-0.003211031067489663
-0.024017840941198423
0.004040100652250306
0.005079535378749127
-0.0038708121856627286
0.0010651305523686214
0.00402933650335588
-0.0020990150421097815
0.03464979990282615
0.0020257016602026052
0.004801917698812114
0.005073003339919242
0.00900289085223784
0.004996230211034936
-0.007339397117660338
0.009660122081630895
0.016094853410861528
0.009169035696061015
-0.01457162917585603
-0.020726181057226137
0.0040236846761633315
0.0061200414651508385
0.004029842455776006
0.002143870343494708
0.005122822507913623
0.004272268205070972
0.00427339607808434
0.013739204541088642
0.010313969603154765
0.006176676369734587
0.014801021147933533
0.0043902475332352
-0.01757537364344023
0.003729142753128697
0.004079320503315086
0.0020596012041783846
0.0019834949746152333
0.01596909357444714
0.009101454017299187
0.004024363496014022
-0.00026746369318169185
0.0027008161668562788
0.007624492023378653
0.0032840642338167456
-0.008979190781578213
0.004069590257193764
0.005081487465211035
0.005077703671098682
0.0040256614301799245
0.004030516476726604
0.004121646209853017
0.018895830909733322
0.0004027740168989995
-0.014085394795819644
0.004765904598025607
0.004891631692456964
0.0091014549474373
0.00896557230868946
0.004035120724172296
0.00443008120508983
0.004437535071385838
-0.0018467131052064653
-0.0018147499575868018
0.0040486118984942605
0.006275995526067723
0.0062920570197811
-0.0007434976673558565
0.006218154492611945
-0.0061291710352344665
0.004096571909507971
0.00011067349998552976
0.016895169590204644
0.01342209958049995
0.0054037599242711875
0.01805757904541236
0.005489353436851831
0.003918646131403243
0.004082359568828773
0.0040283161299050334
-0.0151159874772769
-0.002502210542888434
-0.008894711926994748
0.004037618250417773
0.004238216205325739
0.004078736476685753
0.004033401326374607
0.004033611804456917
0.004287386151044665
0.004200353217500214
0.004025228617327189
-0.0015212502592354047
-0.001504493786091624
-0.01286870394141419
0.017230154218406235
0.004593768778576976
-0.008217969142646974
-0.0020946414132946936
-0.008975666426533678
-0.0019225532792726042
0.004090347556751587
-0.010072726239159821
0.004027437892511303
0.005133666556735117
0.004181908851390096
0.004990951139006447
-0.015522651333431012
0.0040256171433369035
0.004166714604860036
-0.01506484994071376
-0.00904434110959258
0.004048102187976663
0.004969683739453838
0.002599681619119833
0.004054341831586825
0.009051819588688038
0.004025188788389402
0.0040244668641215755
-0.011394481991984218
-0.012815050388908716
0.004024643099460326
-0.0038686598101573748
0.0040246724847274595
0.008917364104922141
0.004036687562219843
0.008951345217859497
0.00915438013527465
0.004176918446496808
0.0122542736594202
0.004044236712635016
0.0047864141421170864
0.003888104618214258
0.009257506713145295
0.005015940571640462
0.0038772781800754876
-0.0015485977861391896
0.00496888030281622
0.00412993267147242
-0.001488078127983396
-0.0014859819207703642
-0.0013333484588607131
-0.0014112596088706531
-0.04129319045432531
-0.0014879964794869524
-0.0007435022113342943
0.0007609711415612713
0.004477364750164434
-0.0014568832039525195
0.00207357982704353
-0.0014877118887137038
0.004072962826348614
-0.0015100984248281816
-0.001487184158462846
-0.0013324846553223139
-0.0013540368198696065
0.002643855305499705
-0.0013533631234869847
-0.0013546682491599907
0.001437536238977495
-0.0007432128260484825
-0.0013540319707848805
-0.0013401545366353272
0.007582844456897583
0.019370521234117675
-0.012363744978148034
-0.0013546784775954124
-0.0014054818457646073
-0.0013546682491599907
-0.0013540368198696065
0.001313716184602209
0.0003632932019499125
-0.0013488167818990918
-0.0013540368198696065
0.012045969314179008
-0.00201859140588836
-0.010454545223528731
-0.0066621803410910055
-0.0036282333916452542
-0.0008966466878031022
-0.00906185416009784
-0.00902721791657488
0.0018500531492276913
-0.012782611345564852
0.0034937073583004687
0.021699166257675317
0.004033002936948217
0.005000031670797655
-0.0013680951082917176
-0.0017639887522644165
-0.0013540368198696065
0.00239736684897421
0.008240583005752844
-0.008656756533779132
0.004968562922350246
-0.01737571312471271
0.005221557018245481
-0.001907242387367353
0.004983624126298136
0.0014224533693999472
-0.02077355513597193
0.03428937699343977
-0.008569208184680661
-0.0019072213980783504
-0.010129806755813256
-0.0030804032717320086
0.0034936722704153166
0.00276687118630625
0.006966376397903323
0.020840089688986888
-0.004962494161285127
-0.0030757599995252425
-0.006422390473524217
0.003493160591879512
0.007925537811782818
0.0008113281657101154
-0.0019430154332800726
0.004217134392108418
0.0006802429130103062
-0.003086989538412677
0.012133437406088427
0.019167208199643137
-0.011907636735653331
-0.00013544935007899167
-0.010827448365951517
0.010461967089475168
0.012005016434994837
-0.0014523908228861642
0.01802881148706271
-0.020305941149467054
-0.0009644904096400357
-0.0021374678329408674
0.009279053622222444
-0.0033224841337785075
0.0058883975491867266
0.02982353206602887
0.012119225807507959
0.011333914494431083
0.011104967102847967
0.0080978788511683
0.011695134227302216
0.011437233562252644
0.01210222857690195
0.006510242459674173
0.012876296216575671
0.003059964848376743
0.0031916772635889245
0.023969450135391458
0.012276189163901744
0.012865227851707914
-0.004259800459709786
-0.0449803498319927
0.01237577762048353
-0.0022427380268220973
0.02172067721224623
0.023553569665060194
0.002615791878375864
0.0029036659700244927
0.01227624394662913
0.01227621127257634
0.01286485764842922
0.00023917089874544824
0.012262533207738346
0.010173988635336405
0.011260625599673292
0.011640589210267822
0.01239146314765523
0.004332159111174079
0.0030017044181446756
0.0041871915287554455
-0.0036804338095348475
0.00292020091838296
0.010326682953165946
0.011952979601281591
-0.0016127792419572083
0.012219759200151233
0.011898328084453784
0.012625251810919225
0.035293225939134226
-0.012698460335512722
-0.0008659042869128316
-0.0047638471925402475
0.04395493308803418
-0.005699626360400955
-0.01271637192375555
0.012880490602778068
-0.003355249582594198
0.00024757065950204403
0.024030335741936866
-0.01271787467818661
0.024362634264784706
-0.003639130909604889
-0.010823563902661813
-0.0010291254715763336
-0.003334353537901532
0.005925695989545809
0.018294134138173008
0.003207991008917139
0.012278475093012067
-0.004999910559025518
-0.00497072443041932
0.012276913204547364
-0.0022427158107095357
-0.012715949656438382
0.024398347611028572
0.004348148593500383
0.012325154939186359
-0.0015615247802448552
0.024492402743764224
-0.00534221068154433
0.01617137214907543
-0.0016118447370314128
0.012867798941819428
-0.0019568344759923802
0.012190786600969047
0.01286510628904155
-0.0029029083097122767
-0.004970704647500936
-0.0008664497776412558
-0.05342309188051401
0.005508543459261026
-0.0056105764646021215
-0.0194934719191852
0.01235667076881708
0.00878972224552521
0.013762786921773512
0.012311222770069156
0.02020928440382616
0.007901832393642462
0.007996695294969816
0.0035235080421528076
0.007931289187827015
0.012294092159889414
-0.0037728197316981176
0.003403565545047901
0.0043201904792729
0.0095345461882076
-0.005404843336235507
0.014791901146195155
0.010178756984580708
0.0029224419762559134
0.01615815047944063
0.003936740414899031
0.007925800976781661
0.012287282347686225
0.00301827521716559
0.02301689902085449
0.0038134170401800545
-0.0029684269386915083
0.007988581322939536
0.00024322868823258652
-0.006417022240113302
0.002484563936628492
8.506556524959989e-05
0.012348569659213306
0.013182874232580256
0.004011830649656378
0.01221134913565266
-0.030032193479260023
-0.010756440017397832
-0.007506045031978483
-0.007267360429259642
-0.0008543909945671892
0.002127156744385469
0.0003461280760289629
0.00802823381989095
0.022048273684709598
0.007574680928575825
-0.004991902389318079
-0.004259042264030612
-0.028928302986170988
-0.028672966371038233
-0.005115226114295578
0.014143400317704787
0.02796028911692861
0.012449398522037346
-0.032692648457529
0.0005305222278055148
-0.0033100211035051513
-0.004905225081251153
-0.004985751516372711
0.005723775517031645
0.014490081949222362
-0.03273521344412942
-0.0043574707599003054
0.0014538112482605093
-0.004578153834213939
0.01162145207240131
-0.004995658730395615
-0.030778454648106735
-0.004999706121953341
-0.004914488991756929
-0.03264243727429088
-0.0011328130373639451
-0.004995658730395615
-0.015214626865411585
-0.004994815298194384
-0.004995674232096735
-0.010741386786521857
-0.005374930773771056
-0.005364422183419255
0.008351294543759517
-0.004995577177738435
-0.004958831699262544
-0.004971358051413835
-0.006302809140920355
-0.03791982473261227
-0.025088973563531434
-0.022735290000763183
0.02976437210854496
0.008473839837309101
-0.005322856863356544
-0.004355446868977042
-0.013207421705236987
-0.004976773152622018
0.030825303113822665
-0.004995658730395615
0.003493160591879512
0.0016048285169452262
-0.030773246371255294
0.0016402218840732992
-0.004996102245739488
-0.004974652726069128
-0.0030980623607655216
-0.0039648557546242075
-0.005407117233614697
-0.0050076336124234636
0.01414341939403197
-0.004995658730395615
-0.004977570331117203
0.0032111240354088934
0.0036855061263449595
-0.012087114042006374
-0.004970172940596227
-0.004995645465726944
-0.0049780240555485945
-0.004985003576822578
0.008254167040834235
-0.004974604642061436
0.013897819495237256
0.01629923859683343
-0.004952667579660679
-0.0008498235207642865
-0.004995356208608002
-0.014019582836825185
-0.0007754477764139779
0.00791264517531285
-0.0030895622214382264
-0.004991675377252878
0.011993246742862756
0.010102333492566581
-0.005876084098927139
-0.009311160844948183
-0.0035077030592944765
-0.01210774832935025
-0.004379984358634506
-0.004995747721040947
-0.0008554818949309911
0.007875402161789655
0.008190681599010772
-0.004300393431926409
-0.003209487807845641
0.01218988671060186
-0.004996269422483514
-0.004957101463025126
-0.004954759436177189
0.0016389738818132803
0.0016079724861094214
-0.004995563762644166
-0.0007766483498044857
-0.004980444806945168
0.0123566769491888
0.030575345945010286
-0.0043952714208706865
-0.004579267823636358
0.005791218845133842
-0.028109673516823787
-0.0054077407401731704
-0.00540708634806991
-0.0019014530815841548
0.005324692169990434
0.0028337593351481947
-0.005859611883052489
0.009304549033469786
-0.008660728812389744
-0.002600731864348325
-0.0029771720654582887
-0.0029901601188406187
-0.00859976676836289
-4.5516521054472067e-05
-0.00455234338152155
0.0042000743030751525
-0.008786998102706077
0.020069834597804332
-0.005966663749540623
-0.008249286682232404
-0.004227407340900065
0.011780891429347339
0.011794313513428691
-0.002600731864348325
-0.0016162043734705375
-0.0007757407957323176
0.003491051627336445
-0.0012246833153421685
-0.043667903762461116
-0.0043726105713228
-0.010751003466526498
-0.0014734928172749665
-0.003218441022028535
0.010622276469315019
-0.010946662760883425
-0.011391669599046923
0.008118639659200651
-0.001463270394274325
0.01937105026953303
0.007986040185360803
-0.0058313712533193535
-0.002682157582415777
0.007442252594230299
-0.004956934776089261
0.01945831107511377
0.01010217406493751
-0.0008359079561205345
-0.005857818956464909
-0.0035304368088800724
-0.00585125866839391
0.00928720526565202
0.009764528726789989
0.007308273855997871
-0.001998113794023189
-0.002404172366240848
-0.005703505136076385
-0.01098787724823627
-0.005855280592059926
-0.000933508584126498
-0.005709631858903055
0.007896984246530282
-0.0021106351242138046
-0.00268384216205629
-0.0053643294297909755
-0.005386475690539538
0.003494912231766941
-0.002683549073803378
-4.5516521054472067e-05
-0.0058268311556172615
-0.004069584834841529
-0.005832051882531
0.007165282219706495
0.007189663439987747
-0.0057552002583622155
-0.0020438867646097743
-0.005099644675093034
-0.011728801596613126
0.005172615743199991
0.0035055963246152506
-0.005717703077947058
-0.005796991775213352
-0.0013953876401422715
-0.0015140460016686056
-0.0035530726045925436
0.008197031036866486
-1.900911011345551e-05
-0.0026614889337823735
-0.0009845465748025534
-0.0018212457773151924
-0.006074649646650097
-0.0060896629465517224
-0.003642493395377447
0.007197074000556203
-0.03142416011076429
-0.0013013737841138864
0.006415736453803148
-0.0014701479943567248
-0.009949204189120013
0.009752277047851088
-0.0029094729730602216
-0.003501567671560495
-0.0017891793225860966
-0.0007767498116573811
0.008568426073569335
0.011936478597184897
0.004506056953948216
-0.0014506611335264865
0.00020366845795564354
-0.005783178003723382
-0.003332259108222436
-0.0035014860230640726
0.020090551928151006
0.019869797432598466
-0.004851706904385313
-0.0034923243279795907
-0.0020583272033210215
-0.0043287843671862575
-0.01051942678110056
-0.004970592171750469
-0.0014911115603367655
0.007281917423213191
0.02145078860680774
-0.003501796864195703
-0.0034246549826622637
0.002282900018757828
-0.002193727312366469
0.007481450355508034
-0.003501796864195703
-0.0049666404616036
-0.004347244100275645
-0.0009164665354522373
-0.0035009014781865085
-0.0014568945599165994
-4.555923382243813e-05
-0.0009328401824379672
-0.003501567671560495
-0.004349055322359414
-0.0007830507520271051
0.006325969090855175
0.005103189545714346
0.013684726200193316
-0.0035013659406420475
-0.003501567671560495
-0.003501567671560495
-0.007259042980083418
-0.009338948562348955
-0.003496461999899899
-0.005612767836533009
-0.0035014860230640726
0.003494993084083609
-0.0008329991567899585
-0.003501567671560495
-0.0034026749391567537
-0.0014665390496116932
-0.0013035769377482012
-0.0042503661574899414
0.009325040955553799
0.004031326429192097
-0.002165969453920347
-0.0014629378844432397
-0.0034486895426388275
-0.003501467972604967
-0.0034878433491096965
-0.003499901472091194
0.01098223893486341
-0.005851278924563526
-0.003628376124277036
-0.0035014591671392458
-0.003500586563319914
-0.0035015681011926715
-0.0035013484503308026
-0.009322143520942926
0.007955360727829638
-0.00734962472443631
-0.005810357355382773
-0.00548027697887898
-0.004337636803350325
0.019093282464163336
0.007835773423145159
-0.003450313209848157
-0.0035016619547906438
-0.009321887054583382
-0.0034630054167286047
-0.003501567671560495
-0.002486692502490531
-0.0032316520886013157
-0.0055264010425447796
0.007310073568996649
-0.0020077425912198004
-0.003468729885108758
-4.5516521054472067e-05
-0.0035739907110115656
-0.0011230260063830012
0.0055774814237816665
0.004186267901364899
0.005716030664809144
0.0026314186419379385
0.011460149409844576
0.001923529094080413
-0.003393025200888061
-0.0034561050629142165
-0.01023715802447673
-0.0034556719742777305
0.003722126632336982
-0.0020501273855628786
0.005747084474098319
0.0019543872864801054
0.0037730920169006575
0.0055263400128333605
0.0025473708183548715
0.001932469989891517
0.009499170676035734
-0.004343997356579818
0.0037434676416049344
0.004174292647705196
-4.553626255518287e-05
0.0044014966774844145
0.0019309113288110652
0.0036986132633411604
0.0037040273138357243
0.00394159279465356
0.0036992624487271007
0.005711983167764604
0.01383261591014764
0.0020754852634117063
0.0019191441124757796
0.003707757675569631
0.0021047094470055703
0.0036978315338223344
0.015190291389156013
0.003494985309531751
0.00375145320996442
0.0020522838476941165
-0.00018295670419162083
0.0037155419657695582
0.003716971224687185
0.003699741104258712
-0.003071590131807651
0.0037448769826372865
0.003697476771915604
0.0037005092501911823
0.003698772086415617
-0.0034698679538269716
0.012339836798467849
0.003698103322744217
0.022541645174522843
0.007201845274236496
0.003525798956236624
0.0038096589909022084
0.0037150507563615378
0.0037933032282949095
-0.006164793147934091
0.0037084914884767044
0.003947502353796972
0.0024755489901462703
0.006529106681329231
0.0037035192360955335
0.003666877476927833
0.0036808284388642506
-0.004268699949231676
0.009312665829900061
-0.004522612429723925
0.00421190310683687
0.003705690748385276
0.0037061135800510467
0.004010898902142965
0.003698449979314421
0.006331357445470637
0.003705049152484363
0.0037153241486949
0.0037007190031549727
0.0036985301445964535
0.0037862619920006526
0.0037033756170772856
0.0038819180106273994
0.003710219708890609
0.003700448143593692
0.0173562614005586
-0.0042569796085145505
0.006277501530496352
-0.004353292487321686
0.003701266225008532
0.004291718063524105
0.003833687992671448
-0.004361890427594979
0.027611178380998146
0.006286964962121124
0.007919679951221675
0.008600458962320626
-0.0038832904302303446
-0.0003321294535205654
-0.004673345909137289
0.01970810688952331
-0.031884324647332825
-0.0037994956871960778
-0.009214606179827368
-0.015180638933419434
0.010200965043039967
0.03116194788220601
-0.029288236756220404
-0.0023484325122228402
0.00739998138490689
0.041243205905661925
0.0013222690865584193
-0.005705037430335826
-0.029288629444277674
-0.014438939711686017
0.004009485869041229
0.007552874492206843
-0.01608410129615548
-0.029288259655248356
-0.020575016959782234
0.001351839439159915
0.0011321884900041019
0.04871752024273263
-0.03245409804081173
-0.026492709493872564
-0.026491021553722516
-0.02646533865621287
0.001320832450865211
-0.011947283993165452
-0.013262899848803106
-0.026472724943726628
-0.025494153949132316
-0.02649342834997315
-0.026491098105878387
-0.00570433247919607
0.00410135901150526
-0.01231677484764664
0.021047431929026535
0.0011381736806753483
0.01819506789427101
-0.026203491342583558
-0.026460345026722662
-0.0002441822577300472
-0.001476589299647453
-0.026476671439250775
0.0007602467170197404
-0.0264803290552093
0.01859837343823259
0.01592507063194679
-0.026279478709652162
0.003520663794034626
0.01671004523343463
-0.02719867129560974
-0.026486017121099013
-0.026491356196178085
-0.026495373873308897
-0.026278168597561602
0.01733052254420539
-0.026477841533473392
-0.026491743890019563
-0.011954633737713683
-0.011231855965235123
-4.5545089595753124e-05
-0.026493315576934164
-0.0004918701041361252
-0.04051466250737242
-0.026386746131380364
-0.026493452318517963
-0.01344431015811718
-0.026492678547055188
-0.0024064228787465986
-0.022213785637401933
-0.007251546442712019
0.006256820856751296
-0.00025508094805076217
0.009754280771727011
-0.023514797322113482
-0.025546162452034466
-0.015605781881650104
0.0012241084952438726
-0.0020429055820364284
-0.021974296039576787
-0.020927913781831016
-0.00043164317857807724
0.0016202925383112595
-0.019524249405798274
0.010700082476497591
0.005470826864427191
0.008445750260045981
-0.023396771027455576
-0.01561706123545533
0.00977367949622003
-0.0007179701876890511
-0.003750760600177012
-0.012127443567820044
-0.004092586043902587
0.0013680728328935516
-0.03881296046654415
-0.0005431880370042106
-0.018939418339343993
0.00011251350825495833
-0.01818310176155186
0.008160073636325224
0.0429898469211065
-0.005817422899499425
-4.558260284506798e-05
0.009802846364171572
-0.03553830736231887
0.0036179114818656747
0.0011348276482929306
-0.0297601182259558
-0.0002380493471235031
-0.03464768476323725
-0.0020496992491166295
0.0018947837657016476
0.0012038657009026212
0.01906329386172401
-0.03534548281689087
0.00046431371483017774
-0.0007069967380855464
1.6903664854734012e-05
-0.013352200566173214
-0.011605083338978334
0.04356560115922274
-0.03884155426412756
0.00046227844676103945
-0.022244408181257187
-0.0241520306474303
0.0011999500615674054
0.009826108697683153
0.00046227844676103945
-0.038656575568427186
-0.0030331826513308987
-0.003100851050657508
-0.02452329619321683
0.043396127612917335
-0.023531459711458463
0.01489686989935047
0.0024799115584143334
0.004886370053953692
0.009748704857075605
-0.001645814097888039
-0.02280778003184693
-0.013853307894375099
0.023628264198654114
-0.03860858353561
0.06052080704137884
-0.0015498449286686477
0.023581720569655972
0.0004627339390324066
0.0004627339390324066
0.020312106062582137
0.001106324058113494
0.015315985690534797
0.009748796335053128
-0.0011785649431707026
0.015305640731170555
0.015317244940036862
0.04403137404232116
0.020368554803722558
-0.002405264985588467
0.013707130412526618
-0.0005099472370125719
0.004809621105508247
-0.029912241483375755
-0.020158372346089692
-0.0008952511079528982
0.0031874372682513014
0.009935362599460238
0.00890527527128105
-0.00024016212014653786
0.0024987883448664818
0.00891006539665288
-0.030107638813105495
-0.044252168734565014
0.005195203760581612
-0.0039530337689040115
-0.009403774015162895
0.0016957629741770003
-0.009557231355957376
-0.0017757293782468366
-0.004675815713112136
-0.0032978149585354117
-0.0018175575881269046
-0.032178347681427105
0.002267588377015791
-0.036899815330682824
-0.004136927606280049
-0.01298408999523376
-0.006163803223193523
-0.0018772201361243429
-0.003584501248229668
0.004301797510081723
0.004301834928191274
0.0022834140112234095
0.004480195043903399
-0.00524648915220305
0.003880237243241783
0.004337284782033775
-0.005289822258479443
-0.005288537165033177
-0.005086541745449161
0.004301810015015852
0.004301794985218101
0.0038718254897437973
-0.00012965128673328742
0.00831025023718892
0.004301810015015852
-0.007574896169137993
0.004301810015015852
0.004301997590458078
-0.0004214230345951453
-0.005253740963415585
-0.007352793380156711
0.0037474290540573142
0.009348650710242545
-0.0032247981616724836
0.0030217766700538305
0.0043018212446209155
0.003819429836259621
0.003744135803449597
0.0037682254747162095
-0.02232390685003569
0.004368779121806493
0.006196997309798525
0.006102557583339589
0.014021066817359824
0.004926078858183963
-0.028509920621122252
0.0019370571288219577
0.004042756172730622
0.0039059241043384275
0.004861860029609833
0.002871019572900244
-0.0016317005210722073
-0.0016484971263149631
0.003748968793713108
-0.005223926421816709
-0.010913614678783422
0.00424594062519322
-0.005440979283541293
-0.05112716501447715
0.00404053187167082
0.009947218792864802
0.005118807447109008
-0.051449027178561105
-0.0008440543677610913
-0.0015069791587052387
-0.004543405793257899
0.004248728356292012
0.003785094595215535
-0.0006855958254119761
-4.565822466754708e-05
-0.020113644168410213
-0.004868515445778502
-0.005461547848463279
-4.559223544850071e-05
0.0037609096692386122
-0.005457882663901056
-0.005315200936113209
-0.01458202530915702
-0.014582045546741806
0.004311972733244981
-0.0022471511227767737
-0.005272197150487344
-0.0020077650609593516
0.008090897832054382
0.0059634443726860175
0.0027034103537514954
0.0037337396798699622
0.0060226881417109685
-0.001239762378169293
0.00595446761260759
-0.01275441970861229
0.006344183472364689
-0.000134940114054345
0.007214700876185738
0.004184736607717936
0.006715781449598993
0.006321661586888797
0.006962285465244895
0.006327155686669131
0.004225341082697317
0.0061426280057611995
0.004319851776704086
0.0061818318130745535
0.00757198729979546
0.010360524289227372
-0.017728379990463842
0.009677198918867072
0.01679990747444582
0.00421862640833379
-0.002245043609524537
0.009685126126527457
0.010076236856289158
0.003707633150627605
-0.0033031749865398917
0.0023713299815861697
0.009732183168780762
0.006716268987127851
0.006132427541378081
0.0075637801020597304
-0.00201924678144488
0.008611352474456942
0.009696150486146946
0.010592324622911388
0.00987419244784629
0.006136043886955437
0.009206405903934949
0.009253338076131119
0.01043377921603735
-0.028492937510937955
0.010478380172306637
0.009780961273909835
0.006328798102335484
0.009899949003604584
0.0037464430838011877
0.006186856061128631
0.010635611304735943
-4.551989656652162e-05
0.0061379633320489575
0.003718836918595375
0.006224227598645644
0.006117375876949974
0.013230983623320224
0.006054018092016964
0.0037059471704985396
0.006202176883987554
-0.0020250066034873566
0.0064901732101894935
-0.0019726093506299536
0.004444178148427994
0.0075690103838974435
0.017905806652292574
0.003989984355834802
-0.0034736828441609227
-0.014729467177808106
0.011882193174117593
-0.004043234022204298
0.015178835423097508
0.008150788155089852
-0.012836922209646832
-0.014042405932114912
-0.0006613313683936691
-0.000527679243506111
-0.0033727275187621095
-0.005491328131796354
-0.0029508192108008893
-0.00337884881811735
0.014631195368837207
-0.00483693061435963
-0.00029710860881454807
-0.003242431048291503
-0.0032100929826630147
-0.0028075163677008966
-0.01188498128624641
-0.0031886948769508957
-0.0032455687712922223
-0.003215697265276679
-0.0032099195519477374
-0.004911547730636302
-0.0030875811148585067
-0.0030500644284894665
-0.004923352878378275
-0.02101896130139074
-0.011838736287231387
0.012756850402910021
-0.01076088035825098
-0.004921233390846175
-0.0057058209592633045
-0.010488566932865928
0.00867806093081489
0.01299352895002316
0.0010577354136165535
-0.0002971049781653628
0.013553418186823185
-0.010683143353883274
-0.0038466521972194017
-0.0002970984310796176
0.0007025561441643477
-0.0002784214695819346
0.011629571018127548
-0.013538175598911496
-0.0305387868161205
-0.003251500971862401
-0.004928794878178162
0.0006845579550340881
0.000113462536552217
-0.0002957945235452549
-0.002143263207755591
-0.004318445461140666
-0.011184363349503767
-0.01313231181386649
-4.517748331900087e-05
-0.017382682902081368
-0.017269140931263593
-0.002143300519447093
-0.0009860213474012379
-0.01315235201239364
-0.01902048214935994
-0.012632362647806887
-0.004927235050274325
-0.0180147445085911
-0.011713555824986087
0.03199837577576982
-0.022589191800690703
0.010867445625725914
-0.013606243719260776
0.01810150487197836
0.0010108628697437412
-0.0021544674784621846
-0.00202892957622508
-0.0021432484849289732
0.012410137362314555
-0.0021433114461518374
0.0013207712243641485
-0.011129275818721961
-0.0013681737216295455
-0.011714214392980888
0.0012275373800351402
0.02950428317492878
-0.0002955693420529949
-0.001710379754869826
-0.009105312660922422
0.002794783450192269
-0.00492784356940583
-0.015897804509279106
-0.0036462928706898104
0.004638962645367874
0.013030632771970474
-0.013804077073643756
-0.0021664478152125435
-0.0018306414451076012
-4.517748331900087e-05
-0.00029710851589107685
-0.011920802112697538
-0.004928582954131024
0.005219430551849149
-4.5209403690360213e-05
0.0042329569540568495
-0.0029356381444323332
-0.01171335854915662
0.004231087211335759
-0.004399001329342015
-0.00046615501610998346
-0.008908784859272566
-0.013979876226010959
-0.00029710860881454807
-0.013991934456679688
-0.012251264404656157
0.0001805019065892602
-0.022143931179713455
-4.743151860700563e-05
-0.0019350772204940743
-0.0037808805917173803
-0.00041805048724992454
-0.015945434558000775
-0.024057597349180435
-0.007824779242934836
-0.013992050040902981
0.0068202249740244225
0.001399560203474075
-0.013988316203092906
-0.0049017463766752745
0.004267008627332149
-0.0013593044763508847
-0.003647372791964599
-0.0021538311500684487
-0.003374222465879132
0.00022675237370271717
0.011666305167656824
0.009391821452536316
0.0074861282401047875
-0.008801896294585162
-0.004134035377248577
0.003421053273155366
-0.0217208074832407
-0.00029710860881454807
-0.006482028713805898
0.008018423348291084
-0.00029403067355325866
0.018734107619656534
-0.0019839940446650054
-0.0017377302613006376
-0.0002971189611005682
-0.002296153787929701
-0.017764391964978504
-0.029068144049196082
-0.004312321753729595
-0.0021664730731817063
-0.0012686316551802717
-0.0026917585616481367
0.03241106496226819
-0.0019500449186010363
-0.0002956970653209076
-0.0011571524461548117
0.01975922105768859
-0.00029710860881454807
-0.007412211580858807
-0.00406390339109379
-0.011712851244600945
-0.005692645577928688
-0.0014777250017183358
0.012300541223834529
-0.0038461222379390686
0.0006389048427608024
0.003041447886778452
-0.00028520647051500454
-0.005857497280327929
0.01856852133527682
0.004233603631499062
-0.0014577330968853265
-0.002333832635183465
-0.003849917991086903
0.004232916166766545
0.00011889532919248583
0.018880135071832015
0.008213555026199535
0.001723251782907432
-0.0020291260619721965
-0.00029675345411419544
0.010415102607713384
-0.0038362785264879702
0.0002351581733171602
-4.520171084182029e-05
-0.0010683777692212417
-0.0137109705600977
-0.0002971049781653628
0.00017921408188472526
0.0003867274290156572
0.00012080608344226068
-0.013890044873374535
-0.010070190566731689
0.004232916166766545
-0.0016652513976738472
0.0035567507307955695
0.0001909973393186607
-0.01387964315065532
-0.00029710860881454807
-0.013716884102689135
-0.013883767940806811
-0.001979847867822447
-0.01344188598594495
0.003029437186588311
-0.013617012531876738
-0.013876273708010312
-0.013867679903572978
-0.01385533452961313
-0.01383617696051663
-0.013852077622395391
-0.013890988361380615
-0.013730196390451324
0.011604384817641873
-0.002143278544624248
0.0018064301214798183
-0.016441603798531768
-0.013795343760347448
-0.0016072583199022046
-0.020622633514651992
0.004664334145123308
-0.013438413234983721
0.02346915929498405
0.004259302403303712
-0.013527706982338806
0.005005537844219391
-0.0008415382874892698
-0.013812966278596715
0.004261570999716616
-0.013800922673773103
0.004556232527788295
-0.01385682566913045
-0.01369678802411653
0.004232916166766545
0.0034367590594147897
-0.0002957945235452549
-0.013884360951637881
-0.03217818824803548
0.002412235706176666
-0.013881604959493393
0.0005849704786585296
-0.024130126545482414
-0.013391724457708434
-0.007235564233585174
0.013093309644590649
-0.01376164823467745
-0.00019964374130364217
0.0025939337433132834
-0.013892136829505332
-0.007107116807042179
0.0044233291184634215
0.007331957476204216
-0.013756022323531517
-0.013643397451336256
-0.01386152872916641
-0.013847783778656577
0.004203164613464756
0.005015672083365068
-0.013768849758889869
-0.02238117496680837
-0.016306086541257137
-0.0135301379522605
-0.00029710860881454807
0.004182978431932045
-0.00039296076587652765
-0.00011970112863198957
-0.00037404789377357627
0.0041197272023091895
-0.007339319566833881
0.004234359768303063
-0.0040308210856997125
-0.00011746488504193184
-0.0002958048758312746
0.004123362231689329
-0.0022030729774244655
0.005284553495539098
0.017599466197183552
-4.519458875100292e-05
0.010166847762015584
0.004267671460966061
0.010256071682559301
0.011766815098735511
-0.005814041978145372
-0.005873878349273671
0.0005513503241017379
-0.0004302534067355781
-0.001371673913711949
0.0017900244558220386
0.0001834569841363169
-0.0008324759336368954
0.010149942816621982
-0.010096879052492336
-0.0028109352766001287
-0.005829715159424405
0.06556481439646009
0.0007396493625330294
-0.003797959167219873
0.0009808807386971123
-0.005520629151812865
-0.005569525533592874
-0.004313820950588302
0.003951956803324089
-0.0022116602652391803
-0.002911887346588841
0.005924999701388981
-0.013235636937209184
0.0014041589932712777
0.010165547350484477
-0.003201430010355792
-0.0017034276811569338
-0.02980262136509271
-0.0023853673763251813
0.02630878937729454
-0.004589027559213942
-0.011921033548090886
-0.0016766381303234437
0.001815062407256529
0.0171480477653362
-0.005420154991150591
-0.016998071683430184
0.004242245467777389
0.013131412522708257
-0.0049253371906311455
0.0077748913633071005
0.012734256575747603
0.010219345826336544
0.002263050221115797
-0.005426192205778355
0.0044306747456010626
0.01546777310726959
-0.002629255365417523
0.007778821287292429
-0.004312868858313343
-4.517748331900087e-05
-0.008091832163862367
-0.004911289734344958
3.4314530014542424e-05
-0.012450279944215438
-4.522732201085895e-05
0.00031598814763204213
-0.003452566015331956
-0.013922032592384856
1.4780668285897984e-05
0.00023029560348751472
-0.007540618857423612
-0.007463704354444063
1.4146772339245997e-05
-0.00557401948321912
-0.02186741666325675
0.0053533007208114314
-0.007350514100965182
-0.013986502556273052
-4.519576551506204e-05
-0.00229957469955184
-0.013267336703327505
0.005969883752295631
0.0084893211010718
0.01309333692641401
-0.018686311186627884
0.008422831252429206
0.008460771301568266
0.008546366898346256
0.008449655782041097
0.008464695839072875
0.008468448848546436
0.008454706471959145
0.008424167945821334
0.008424167945821334
0.008429177092407416
0.008429504627555102
0.005726798270833084
0.008423961490143194
0.008422831252429206
0.00895809065411628
0.008575720455837234
0.008425486175913701
0.008423566666021268
-0.002289663346525045
-0.0013716802356214105
0.0015708354699619743
0.008444576295492638
0.004236445854979984
0.008431595386890178
0.008455286344631123
-0.004912653491005861
-0.011179660489594035
0.0025932193909272384
-0.018384004732409073
0.008445454205647854
0.008422906416075479
0.008422788791899486
0.008440633724035815
0.0072759187534210375
0.008422854384711414
0.008422831252429206
0.00698317989778998
0.004649777348449067
-0.01254026023467868
-0.024715773659404527
-0.0014915164074890523
-0.0004979144142164823
-0.01980277310507691
0.008858974966444968
-0.010558141350256144
0.004959283888781746
0.024088445956579017
-0.0010508228672639706
-0.0010508228672639706
-0.004927339955943538
0.03411596178976454
-0.001635680674681093
0.001718035475310433
0.00394429208543185
0.013174785350980055
-0.0030630947349785066
-0.006618578872631428
0.008328039744337578
0.003268650299731651
0.012460499554144
0.008415721969133913
0.023911539043732794
0.001687569483400506
0.02391156943559663
0.024243448349912048
-4.521434317496753e-05
0.008760471577800093
-0.0030763877438003072
0.00650332926755701
0.02550605208212544
0.0012667103262029547
0.006759165591231753
0.026967945554833124
-0.002234249223530951
-0.02907757887800341
0.007087261695999186
0.007688781536293241
0.007203176832269183
0.0021065530484657385
0.009099510900512265
-0.001312857830175953
-0.0013114612702977606
0.006550347284596784
0.001266739793206323
0.006506936902040308
0.004615548572237625
0.007358242486968066
0.0069288269892929365
0.0042226824466051445
-0.001842640542850854
0.0065210558259752305
-0.009689033867499445
0.007211288440913039
0.008394311798113343
0.006529303106355193
-0.0025909484073031314
0.006621136540090094
0.006665036457384181
-0.003341870270682875
0.006518833504157111
0.006740401574871023
0.006632326486582008
0.006524307287467921
0.024269033801606818
0.005797923571897253
-0.01484632610176617
-0.009156682704084672
0.006793984734041441
-0.008583762326000803
-0.0013130356568707084
0.006954399272486127
0.006756273804916873
0.006766272461251699
0.0076329660864519165
0.006515220486883416
0.005743867872571461
0.007143541607572952
0.023834223595638165
0.006666689871843565
0.006641366345386034
0.006531225143515249
-0.01181986516686324
-0.001312857830175953
-0.002968742755101194
0.007130869474513953
0.007451664469763927
-0.009971959009919738
-0.020707797909562963
-0.0021020979919059925
0.008063861083663615
-0.004693631209499101
0.00653523211859893
0.002681804616562823
-0.006152799939740356
-0.0013117414746379248
-0.0011734370970031308
0.00690759774668377
-0.0030146458518812737
0.005016896827293327
0.0014158362135564958
0.010768860238368901
0.023665539200769754
0.023326880551660083
-0.002624817137159717
-0.007337577685719504
-0.00036221478431520477
-0.009546755376008154
-0.0030618161654861033
0.00820313103849145
0.00800326764598479
-0.002599864285572658
-0.0006198965332232769
0.007501358170787336
0.013077728139538754
0.008425747736454416
0.010901015445759056
-0.004694338283288187
0.013032075754008315
0.007136697261435569
-0.002339317908939334
-0.002616588441382645
-0.0013114612702977606
-0.002622336791047975
-0.00036221478431520477
0.007459416363389534
0.007073566699540016
0.007038181531118974
0.005216279107721745
-0.0011026632822321485
0.008834085155666974
0.0070873470187435015
0.0071109969397249355
-0.00336631849208584
0.00359882808134366
0.007118833723516774
0.007089532967626897
0.007201597387980024
-0.0011734596781997032
-0.002937672431085644
-0.007437105042124054
0.010136352310957619
-0.0025974513376286635
-0.0036146087511771865
0.008736644724826671
-0.0013128072827342943
0.014187039876898648
0.007028317339909114
0.007161216431305054
0.007058706444928417
0.023679739168780186
-0.02519995415849076
-0.001171804374677711
0.007056868375025053
0.020969127319109694
-0.005903204090559153
-0.0013114612702977606
-0.012670816210623985
-4.523735113070599e-05
0.00801817443812435
-0.00362074125859082
0.00772222541223568
-0.0020252321148999343
0.009997327410087761
0.002000855530741203
0.008972090326216334
-0.012347398611719195
0.007686948989136338
0.007687021461037456
-0.005276825812967766
-0.00330635947831627
-0.0081398697456502
-0.0011730420663757914
0.006760660657130669
0.00934933370058155
0.0015888312604616726
-0.0030587154940643637
0.007201762211528984
-0.005882207844358302
0.011540168878886021
0.007116269089562966
0.009112261979973274
0.007190281497746892
-0.0011734596781997032
0.0036446120409245595
0.007087049864887536
0.007177787171482319
-0.0014194825614218117
-0.0030635207540144656
-0.00816533147680204
-0.03838860290261737
-0.005474361831979945
-0.009880155625731857
-0.0006496207353548069
-0.012180779413753638
-0.004886850273218251
-0.01708694709721392
-0.007376588913149216
-0.009967763322740745
0.004443086188060568
0.002677388193131689
-0.010049787594223387
-0.00733585009066309
0.026305272934149828
-0.000362220983926381
-0.002616344734942896
-0.0011367808715392683
0.0006517534347866364
-0.004358273576599576
-0.0025908699320795806
-0.01644608777761921
-0.0019521896772812034
0.006776833100567244
-0.0011034964473933808
-0.007225495982024972
0.0030414999667952624
0.0030415251077685916
-0.013611599094429416
0.010293447049714983
-0.014837305035930948
-0.016448085071465984
0.0062089128654849125
0.002675983707319692
-0.01021521823145018
-0.007278595443399608
0.0026659899856531243
0.07595062694114946
0.06605749479917836
0.017760461364210476
-0.0212946514412233
0.0006810667290994935
-0.01336808323154646
0.002703277643535277
-0.014831693060516507
-0.010037427998928936
0.0009013493885910777
-0.007299657671825263
-0.009966560756385922
0.002822487182685959
0.0073356966074253184
0.0026985577660519865
-0.013580584809588472
-0.007659432660048311
-0.010251960511917473
-0.02043713076768451
-0.009584398193902688
-0.014650513288490152
0.0076627312954958855
-0.010184942524605745
0.0033629227224999327
0.00754517929837238
-0.004362099207196498
-0.002588447997974975
0.002743568136975438
-0.028551847482383222
-0.007153051412983605
0.03475659595849912
-0.011657641248284164
0.017988980976284007
-0.006154627849460457
0.005859155046932772
-0.007848860937197135
-0.007873387403159078
-0.009870026486436452
-0.013671015554518018
-0.006643816832146451
-0.0011332743575473993
0.0029022519510714323
-0.00733679165530878
0.002704710741175323
0.0031007514855232927
-0.003599297728239152
0.0027197226931669678
-0.003063394983234372
-0.0019510761993628465
0.002941666736919035
-0.006178448007423701
0.0027050557182207997
0.025000510586390943
-0.0233113236933649
-0.007285310097787374
-0.02872979388898355
-0.0036334202404229325
0.002682771298857739
0.022910351280417067
-0.012479957478878808
-0.009467826120564652
0.015439252667049016
-0.0003622285537918277
-0.007354677757047086
0.017558317685554405
-0.013796875311552223
0.0026786288654625746
0.008381567582215314
-0.0062228451984132176
-0.006201505870042327
0.004267900736098773
0.049118688868580083
-0.003005309666305413
0.017629828864324296
0.017980501757095
-0.0073613289100287705
-0.009741298850729592
-0.0036334696968413917
-0.007263406789853327
-0.003199530474128831
0.0006583074168874769
-0.012528672532457864
-0.013007988440550863
-0.022954062410671577
0.004836557560191845
-0.007314697504821215
-0.003633369199626274
-0.016268058906867645
0.020361248253835628
0.009413330699517459
0.013026293288220433
0.0014027261472496447
-0.0015978045197720557
0.005489273815080036
-0.0006202062340611384
-0.016509820988531522
-0.0022909758376722317
-0.00029455326594196465
-0.007329169725773557
-0.007279339735455404
-0.0013114612702977606
-0.013639290862106471
0.00268493798264755
-0.002838723663797901
0.013099719272918024
-0.0076230036880867895
-0.0013114612702977606
0.0026781909913229478
-0.03472348586391658
-0.009633867928701854
-0.00977644870948442
0.0028677594116235184
0.0028028372540573818
-0.03571981895374433
0.003377706606062085
-0.007756566617427029
0.0004688333209899245
-0.0007918158032198084
0.009725355253053772
-0.002651269589528811
-0.03267468293906683
-0.008012682410749065
-0.004452067578613622
-0.004521011214426955
0.0011928199345126352
0.016740779929904793
0.011610841639539814
-0.00203144343355458
-0.01866648993366713
-0.005018918654634083
-0.005753022841513533
0.009336335488896471
0.009298026042367348
-0.050945612818937856
-0.0033887427389128495
0.014988933612000235
0.014846889703508559
0.014763386246115067
0.01470284418567434
-0.005086782342611594
-0.005565794845845206
0.015931319631063225
-0.0011418387255586182
-0.0031789870808801727
0.01606143686291545
-0.0033094896840687085
-0.009407022989857886
0.012704779011482864
0.00044311754145419873
0.01533629577435095
0.012627352433099735
-4.5185402678929184e-05
0.0077358089294097855
0.017611385147253154
0.010249291029553772
0.016286416436809368
0.01607015729509606
0.009388464707932306
0.016069543573729285
0.016104742810867267
-0.0031026437183551835
-0.0037257411151773766
0.016070319392988034
-0.010670538432894441
0.016089318808294808
-0.009836204076475615
0.01607764264471312
0.00950580631082965
-0.0024310664366849213
0.016070070859024944
-0.001568210810707826
0.013964092641646414
0.011463906107993548
-0.004760790082017321
0.016072241735684122
0.01606722976359782
-0.0011438174639001842
0.016074706989812747
0.008873263427443557
-0.002020282473221463
-0.0033652694977789003
0.004070993559210823
-0.001143499111033363
0.0017868198313673827
-0.002877896267775166
-0.008225744901023312
-0.006623078831798495
-0.02241549945862774
-0.022778213685616746
0.003566234419537436
0.003559437397455291
0.016083727459306838
-0.00814370031535063
0.0022062412196394957
-0.029322130017635627
0.01945215156133115
-0.03949576235090363
-0.0030098508292401415
0.0028425509033553104
-0.004577050038069495
-0.0016062357036831488
-0.022703484178758185
-0.011294020797292047
-0.0014010038814229033
0.024429625204193908
-0.004743492334844704
0.042744592996325374
0.0012757370630968182
-0.003274938318094128
-0.0022786077972072665
0.0006828336713546211
0.008038269548885523
-0.010828377945502995
0.012994646737359573
-0.00443791873267679
-0.01950423014461247
-0.004641405582074063
-0.0059305449704278495
-0.003970991073892862
0.009033336415569316
-0.008631073803281774
0.01266158040686658
0.008879796514929782
-0.01775306197373737
-0.002020383674235483
-0.008418947511514523
0.008891883883156666
-0.018680619852853107
-0.008626578105492652
-0.0009818171908692534
-0.008631544392753716
-0.004656111837259345
0.008868049077356156
-0.018864361391611097
0.008907577165105294
-0.00010021437442956015
-0.027132082757964797
0.006664965755866072
-0.008590278700075107
-0.00860903554660288
-0.008130461074445053
0.01427252363882054
-0.004534078361666879
-0.019869449171661367
-0.0028376614452192573
0.011527795334577392
-0.0006056252667547761
0.01395115364487548
0.0012186733581269252
-8.11282703401382e-05
-0.0006816438122678651
0.013860607199891947
-5.143304489924699e-05
0.020369100572533036
0.02041356684149507
0.008038284030143684
0.009021502084820188
-0.011676177993802798
-0.005579197770340455
0.0003997966084571512
-4.53258711967856e-05
-0.004736321699712462
0.009746152962999676
0.009335555091581741
-0.016884169800057584
0.010066110570052232
-0.025392708378761675
-0.007352751710486137
0.007067654149537088
-0.011267324903593936
0.011567353302460977
-0.018737226938848883
-0.029168834416676104
0.011511393087028216
0.011512995989598604
0.019919248567394743
-0.007198354316288254
0.011511807082208425
-0.004892326056160581
-0.015221392946510929
-0.0025392569534654695
-0.010423711069958734
0.0010634078949589283
-0.002911009744320807
-0.007204074391149563
0.015635353706233517
0.0006266212167366075
-0.01621997852978009
0.016640948962374374
-0.001036186201426365
-0.016644810207059886
0.016475867192547212
0.01601224716767838
-0.017838000220951986
0.0010275755989495282
-0.016401711564197913
0.015992947834600806
0.01573681765073454
-0.0005987495308003988
0.0007465324751238677
0.0006436497886235037
0.0007249793636889749
0.0007383382154724759
0.007601529026339599
-0.010303016322150194
0.0008484795831034299
-0.016318768726016456
0.015815115684595066
-0.0017652691538875627
0.007542185945296275
-0.002092163536374426
-0.014584526923896418
-0.0038773279750812946
-0.0038877321616552158
0.007972416231488547
0.017654041031106738
-0.0006922328738455135
0.0014922192065854043
0.01307770644978819
-0.01922070930513115
-0.018670112513131942
0.01186455889295242
0.0027205672202618683
0.005397386419012775
0.004600077766241077
-0.00576051585805822
-0.005452502942701806
-0.01914182757044988
-0.011610600063032222
-0.012847299620272472
-0.002681519760916554
-0.006677315012521714
0.009313971420413951
-0.005248769001090326
-0.008480465120007486
0.0018193650724384765
-0.010502049795210683
-0.006249261103932468
-0.00490854895266581
-0.004843290714954592
-0.0039570659173643885
-0.004281555333586584
-0.005447990998003046
-0.004604933774054169
-0.004911096030426219
-0.005277214912580171
0.011193587918053142
-0.0017681435371379353
-0.005398893414919495
-0.002444065946509103
-0.02701396726175367
-0.004921857761125391
-0.004807615026318222
-0.002715871376473216
-0.005395199483713458
-0.0013575498850910807
-0.005315534091604635
-0.025207240098325714
-0.0051974409801252884
-0.005191763748883022
-0.005298054428365974
-0.005298399940125905
0.011339535894968316
-0.005359862718709238
-0.008416768323818592
-0.0023431356557609704
-0.005298062701469071
-0.008451314115663704
0.0007381653025412498
-0.005294768179586036
-0.0022711679337197727
0.008835632346325398
-0.00200144198972979
-0.0013859422060871246
-0.008422936307637014
0.002314795655273321
-0.0022166292988341878
-0.0003327431120750933
0.023831273096269437
0.00076725269428172
-0.0053837703193087135
-0.002536117694946459
-0.004765370915951195
0.0028659751558953624
-0.0058132257857046055
-0.008840234716944744
-0.008220945289930668
-0.007937865797401958
-0.00786864556540177
0.011061776298957963
-0.0025611916857477685
-0.012924668072189663
-0.007861417423769303
-0.004789565356990829
-0.029426421334623077
-0.0023560807754848022
-0.007771903135477948
0.008238020149349864
-0.002421241325971659
-0.003347341177474378
-0.0013875209146671005
-0.005324088388309713
-0.004668695966116116
-0.007947930585729495
-0.008435479415401018
-0.007304083663573608
-0.008193640643767437
-0.0025027760212908865
-0.0033182714488181023
-0.0011443245690898939
-0.002020412578145516
-0.0036905304300061444
-0.004545901031558733
0.012473209660881187
0.003196660864260892
-0.0013941773976543445
0.023429342465912918
-0.0033473968945276432
-0.004607535748962482
-0.008309267941813102
0.0033682142525296747
-0.004764265879864768
-0.0045155863094494654
0.010572030871452108
0.030654723901606243
-0.008296790442791802
-0.007419534958747869
-0.008140766850489143
-0.0033453546369319334
-0.008107432946307938
-0.0051982143994995745
-0.007654279717094958
-0.0069824215142927784
-0.0018870811100884456
0.000893459837118299
-0.0025359092152306534
-0.004780258898638621
-0.006168557119386335
0.002394673760012999
-0.004704442197867657
-0.019091538427225663
-0.007942016285503851
-0.008473889446193416
-0.006988812160959586
0.025401558948700168
0.002271386668508453
0.005415005053513753
-0.008143917579704455
-0.002029885750444619
-0.007359129937365501
-0.008125552077017218
0.0033641751773809537
-0.007929523299921127
-0.003985415298695237
-0.008317090502165718
0.011140766735272983
-0.004326523092947278
-0.0035435541310388126
-0.007612824393189124
-0.00801890512745559
-0.007637507665653883
0.0006702025716973502
0.033252287920835365
-0.001639946688266737
-0.0002111249588263665
-0.00022988008087859962
-0.00743398087908205
-0.021890412587432722
-0.00733567795638575
-0.007437154491809617
0.022888719352974415
-0.0037302530461302682
0.012115942131391258
-0.002546042182956569
-0.0003679961714770015
-0.008162185860854022
-0.006503132448105216
-0.0012692251414658936
-0.0003614618018657167
-0.008558560287871471
-0.008131326277505629
-0.003916336880991977
-0.003810943710686751
0.010239169889494162
-0.008772598010876213
-0.0011588970718283541
-0.004664175948713931
-0.013048264937696358
-0.008326539611174506
-0.0023169596316046023
-0.008389400355396554
-0.0075171621169281035
-0.002685542460076168
0.00967618075302606
-0.006736688149972432
0.039139751682536514
0.0008459828547942492
0.008792895358659122
-0.0006461552727539513
0.0008754273093487279
0.0009619479590657354
0.002312235062508558
-0.0003680033734681748
-0.002605827011013399
0.003968383227983996
-0.000705977538498471
0.003774039996390036
0.009643494925966738
-0.006102041443997399
0.008814960608484773
-0.008769942557339785
0.011562316956579766
0.007474277188149765
0.0016830889039416417
0.0009486065151814798
0.001733108840310378
-0.017231624859072387
0.0010278134113312696
0.0008798337429155873
0.033156263335365775
0.0022434169423978458
0.00084042409770686
-0.0027934838607988678
0.001155811667417145
-0.003558671990710872
-0.0010655924539689243
-0.01243519493505801
0.004921248925076138
-0.0034566605145363114
0.005345409364041058
-0.007991819570418753
-0.010986020157035644
-0.007870242018388552
0.002159086029931134
0.0027615216550589054
-0.02275321628074237
-0.0029793654476147247
0.0009407998883161474
0.000952973063303747
0.0009284107039585203
0.004066813663190373
-0.0047679437826233274
-0.002748390237113025
0.004217117173049638
0.0027899478897577316
-0.002624531750275486
0.0012289698149634458
-3.937278819042487e-05
0.05217503661494978
-0.0010828573943294393
0.0017824875269582552
-0.008001619104707492
-0.0028641077416491955
-0.0028528714831178754
0.0015726314549067476
0.001943744973073912
0.0007871048095354725
0.0018169734050944763
-0.011138020238141007
0.008799564204468724
0.0015833100068161272
-0.002817815242871417
-0.001233061692254617
0.004006872986164815
-0.0018485624588956875
0.0015259268355067718
0.028612172770599412
0.009112774699114574
-0.004651272700712396
-0.0003679961714770015
0.025795328171786522
0.026036574070918715
-0.005210084915435087
-0.0020204198870228765
0.026036527320909834
-0.02868395075373975
0.002680702600974505
0.0015572942857945585
0.0018940297717684718
-0.00845649474527513
0.0017984855464015272
-7.180435661767576e-05
7.269872903241965e-05
-0.007756850869319468
-0.028760412620607537
0.00450076268108013
-0.0005114986233262653
-0.0009526647489544988
-0.004815149277341353
0.0012671626779489382
-0.032293671989054105
0.001525207008831134
-0.00011928398566826027
-0.010656996389609166
-0.00036799494033741277
0.00036832259325053857
0.0031805251397480088
0.002365472061819831
0.0023157617728814385
0.0017442308164488105
-0.0003679954309073503
-0.006523807960110772
-0.0009779300718514557
-0.004834554575255765
0.0019295261386092317
0.0012385218163636278
0.0028318508197954077
-0.004833386408413185
-0.0009528449840383103
0.005364472396292894
-0.0035353582524946625
0.001801583989857253
-0.01728777618156401
0.0016858078264269793
0.00027614583694427196
0.026053754205146776
0.00526216579144626
-0.0009692160094889248
-0.0039789622130738085
-0.009966380993174767
-0.0009439823001516822
-0.0006346316330716836
-0.0014107898889177209
0.00023886605751742175
0.006077855250783252
0.004275696830788216
-0.0037466143103214835
-0.00011316763367822992
0.005249213221039819
-0.00969761139630733
0.0009623721099098072
-0.002230568680506116
-0.005057464576744969
0.009566309636989664
0.038747265568728734
-0.011834118102635184
0.0006898068871028003
-0.0004733268322340115
0.010346041045687059
0.010338141532739131
0.00960416195229386
0.008089376078710757
0.009669586222104396
0.005373923245681331
-0.003834179098344187
-0.0035611064764951117
0.008247375031791394
-0.010144193676846484
-0.004342501288687784
0.006924325576678453
-0.0111644325024406
-0.005516562787362698
0.029665606495636845
0.004207435883023162
-0.004996026772097244
-0.00984159168366298
0.00480948893126555
0.026414595500259
0.00886890762372735
0.008844880290393297
0.004493776181502797
-9.279684893508573e-05
-0.0019151746396399516
-0.006986378654023564
0.01506664046817686
0.010493016074563256
0.007527523514196477
0.01086809301636954
0.015196470587530032
-0.0020200973072182285
0.003505913669890646
-0.005279764964205933
0.012332908833923803
-0.009136049070903202
0.01097340463049702
-0.013208806116488983
0.0036308664749289017
-0.013231726512772428
-0.0005407959798237311
0.011749815765806984
-0.013834908182512772
-0.0003474728102938242
0.004911926854083979
-0.01572938370055238
-0.012622894822846566
-0.012688181231181426
-0.012776043088143556
-0.017771113088063
-0.013107015542855474
-0.004256784411160357
-0.012627793474257907
-0.012694436193772475
0.0022968653321853733
-0.010821687498604831
-0.0054515868782134234
-0.0022360673151526644
-0.0002766724315398641
-0.01966051087302777
0.015249458732388994
-0.00549004945605166
0.0003684094770784386
-0.01273004637675498
-0.0020200993871546153
-0.018958342375041504
0.002987925063698005
-0.01586272852467565
-0.0038632969194717683
-0.01299126688082402
-0.008574799972234422
-0.015078019333182436
-0.0013938964447873534
0.005760484504059392
-0.0020204198870228765
-0.004320367940461038
-0.012733396314361788
-0.003924990105922665
-0.0010527634183535256
-0.012744068777970881
-0.014654393361629405
0.0164515806252305
-0.011314250709220368
-0.010035038541260657
0.006253912923708409
-0.01675985994015111
-0.010984971313776196
0.0030144947811659682
-0.0017615499044004235
-0.02161203123519481
-0.0042521982837231895
-0.0015718422390666351
-0.004949332999823398
-0.006599391015438051
-0.00985248918617555
-0.0024150532829161075
-0.0022360721457395463
0.005040109298662152
-0.008235479691644142
0.016676366815979733
-0.00836892633482518
-6.648387456877792e-05
0.006858296081417891
-0.07057832887232558
-0.019093704754435108
0.01161761315282758
-0.08056290577802887
-0.003911158559543046
-0.0012658210643883923
-0.001242150247938745
-0.004241657116805759
-0.004138977245399208
-0.002217683446669806
-0.007123549922223462
-0.005450824335813722
-0.003336882343497901
0.0009275833441886157
-0.01726436740954331
-0.012525500476010443
-0.002230146256588796
-0.006411738276537539
-0.019201035390073704
-0.00965074728596032
0.0026958018970935508
-0.007144714434554041
-0.010397485270546708
-0.009740515773282351
0.01082522459544139
-0.012206604443415835
0.015408821759048662
-0.009109299311737413
-0.004256678819417911
-0.01587877087853595
0.010838989285944655
-0.003597740844007387
-0.0035204915643538026
0.010803441104997627
0.010863466775215455
-0.007637127900641239
-0.006815854706869742
-0.010959544490174151
0.010510010775327904
-0.01215604541767574
0.010796031543285296
-0.010393030575611901
0.01681290524313451
0.005678388064835432
0.0030902056084343306
0.015943747035521757
-0.010502796221755862
-0.011169418696412513
-0.009688383924647697
-0.004102370024024159
0.007829963452107035
-0.011266502987975808
-0.0013795675903189226
-0.0015556773226452615
0.005027558567885632
-0.008391233189307493
0.005010505432477225
-4.527505870050365e-05
-0.014499623035527716
-0.017335099610921462
0.00509367631209693
0.021782573877648717
0.011633956572009893
-0.012394958610227151
-0.003925512179130093
-0.0022390629605303475
-4.515501565449e-05
-0.015327439861711267
0.00980867893690301
0.005088964600294986
0.021983677687118862
0.02268356182397669
-0.003605581015740142
0.002706127103989823
-0.002979477419382674
-0.0012875549154714669
0.002083052471714576
-4.528772969063293e-05
0.009294620716162931
0.0072482746991273245
0.021947160195159344
-0.0036813972102668797
0.0050645604022609625
-0.00663692730975207
-0.007018253564991249
-4.5310062518494415e-05
-0.00035561634506300026
0.02061441811057735
-0.0007990995290640121
-0.008913729344638417
0.00822988932901025
-0.017031654793213846
0.009486993860314881
0.015865949825739665
0.005404257707987111
0.011017333625171728
0.020724372685380906
0.02410405007942761
0.025143356496114523
-0.00322339109157032
0.010397281499503041
0.0024328481681405584
0.005079465091414589
-0.007148562861569996
0.020687651721508656
-0.005386846342956098
-0.02041575740953501
-0.011178890939059901
0.009472514362732144
0.01057876186005174
0.008589875553972955
0.007796538021585078
-0.029079952802348208
-0.02908081157734321
-0.0012528435830134787
0.0235792874585973
-0.0022358110590147704
0.015219391953442712
0.0002826752892135007
0.009002315523959832
0.005195399697717239
-0.010224649860478004
-0.0037463870083495956
-0.011709564889821436
-0.01080707685147444
-0.012428256929326888
0.00469508584349179
0.010107484280232056
-0.011463126541185099
-0.010051074162407955
-0.008080889994890626
-0.003366506274116555
-0.02487091044815832
-0.008968707974398289
0.006839147192986958
-0.003925512179130093
-0.0025576995507505
0.004921377382344832
-0.018378099374483755
0.004660662276545012
-0.0011563605550581346
-0.007931015431763616
-0.010072657335666542
0.00430275889323426
-0.008953702040643044
0.028500599033373323
-0.008711380392603435
0.029848633267005112
-0.009816156474783906
0.009832581165902589
0.028477735292296552
0.009443605809003705
0.02842750138039498
0.009243342063701148
0.011654761632976381
0.02488671067758763
0.02101543987252773
-0.023564195539113434
0.022377852269531744
0.020632175133429378
-0.0020204198870228765
-0.001144381890997265
0.02075110867996184
-0.011794061050718585
0.02080334799136136
0.02003980036195773
-0.011144226964139688
0.02373768572502407
-0.01620618149038802
-0.0023202267930314204
-0.003024533592583186
0.05791432290087821
0.025064048268467583
-0.004229711683448976
0.009041623188272873
-0.006707770628131908
-0.008229188276626847
-0.06631390293250088
0.0055382672496365306
0.008069466774597148
-0.01103660408687966
-0.0174367333103026
0.01130117099466727
-0.0017093185072425388
-0.004746388093166233
0.024326844409640797
-0.03613228371407428
-0.01222697061303769
-0.008055543062748602
-0.004781768534798664
0.02230833684486011
-4.527505870050365e-05
-0.0123851729242105
-0.007487169043765372
0.02156640638836804
0.022223965526911478
-0.002021825409240715
-0.0024648534427068134
-0.002468130519806038
-0.004808407596316908
-0.010673106661920739
-0.012951975743696957
0.008645257741373799
0.0018644242101736944
-0.0020249922105552405
0.0019103872103366862
-0.003606332202839013
-0.004207560201403591
0.022300391502495836
-0.004804601240634869
-0.0007629726763692103
0.001217702583647884
-0.007175417031451632
-0.002015344098651284
-0.0034945748997632082
-0.007173859203146308
-0.005938330275192967
-0.0034904384665989507
0.0004613671035291322
-0.01221777912455104
-0.008614737153116126
-0.008966531839600746
-4.527505870050365e-05
-2.560976318382066e-05
-0.009411978379391853
-0.0047731144392872075
-0.007080227627368673
0.010919867532201226
0.01091746568548361
-0.008512686642607218
0.027075451461963888
-0.004779510038154681
-0.01120722600360799
-0.010887470696701842
-0.012655568110973481
-0.012246691499723412
0.010910628682472518
-0.012538916279082676
-3.872034301907942e-05
-0.004806598679489099
-0.007483569966709254
0.011884026517690488
-0.008569034246432452
0.0016349158772765934
-0.011726717151481148
-0.0041070533123392615
0.006828105725891384
0.006557381266288883
-0.012547497247237499
-0.0009065091993429888
-4.0823559179574394e-05
0.01229470397009121
-0.01270524034059802
0.026482880941091066
-0.009858496572036114
-0.003899659586500127
-0.0018794332580593985
-0.0024475803273420224
-0.008835571718495291
0.015310049453786206
-2.4315056546494938e-05
0.001657952044084069
-0.004748995556028014
-0.002391279953345722
-0.004804402363840139
0.017432590065622224
-0.004855922043647508
-0.004739123269317899
0.01728156039154343
-0.01262981540122144
0.006540989754065416
0.01532041513454134
-0.007400712726559935
-0.011839579338523582
-0.0047933949237201285
0.017420235199645622
0.008645062815722639
0.011886757492384955
-5.409303415421499e-05
-0.010629236890196238
-0.011763087459488161
0.015336620693277573
-0.008161814259514262
0.001217191744962756
0.019468919407176606
-0.0024139848060745566
0.004293622010560962
-0.012956862741761986
-4.122264528194718e-05
-0.001309106045125975
-0.011082787290771848
0.0022028891124240245
0.02266862557992182
0.0118828838534354
0.011882968377984663
1.9018812460885017e-05
-0.005394790299030523
0.004569864864579771
0.011920509697580444
6.808797869040542e-05
0.005728452033623929
-0.0024416014324057963
-0.0041970135119853294
0.015303817027882229
-0.007332565995271412
-0.00686869933863668
-0.003675623076730441
0.013104192875182254
-0.010912269898963699
0.011933520213716693
-0.0016373030751804815
-0.0024518886964666822
-0.0011674338637233464
0.0041180585786073556
0.007578764295649059
0.011887676867065553
0.022628856042582867
0.015302519080091557
-0.0024251410065140298
-0.0024466471128999656
-0.0025504974592718316
0.01188636315429837
0.0118866474995715
0.011882604364314202
-0.011598224109966072
0.01188743536390965
-0.002442210344153976
-0.011537858672478552
-0.011210708832236686
0.0061451941125627895
-0.007549069051240349
-0.0024198118198014607
-0.0032109539682198176
0.0007069899869983476
-0.0003922618400822808
0.010927368757994351
-0.00889139779157935
0.01531038388833905
0.015302512849511025
-0.006015779478540565
0.003052302420961258
0.0012181313809710523
0.011883064780049888
0.01190179693176212
0.0012286977206872336
-0.007352050414653769
-0.011866888219882249
-0.01027604129864656
-0.0024498224386967
0.016330601837638688
0.011169573277525878
0.011889653844961351
-0.002451332167185722
0.01183500273824991
0.009088884078798369
0.011895397907142695
0.01189137483623444
0.014019991463394997
-0.0013990841149794226
0.026277246876265606
0.006294409755851703
-0.0003619451575558125
-0.016171020615008014
-0.02080858645272835
0.011965121084192398
0.008651149148563846
0.011932420488422952
0.015302521024453116
-0.0005157805422839719
0.011359886700858418
0.011897588669254439
-0.0024520633304504573
0.004989583990469274
0.011882469782767198
-0.004472899266872839
0.004440113450479134
-0.0018502613076705214
0.02926796834317291
0.0013065211809656536
-0.002437399762172988
0.011886319537359491
-0.0024969379475945704
0.011903948141322663
0.011882734413087294
0.01633759188038233
-0.0011336616270921965
-0.004215329575153467
-0.007451136456118394
-4.5415353922579555e-05
-4.5307783479892866e-05
0.011901383499640627
-0.0003760160891631777
0.01477015655518421
0.011902821040060902
0.011914357064162892
-0.0065630133725557175
0.018635297200900514
0.0019038875111994093
-0.010920583800633862
-0.0011674338637233464
0.011521779214295738
-0.007494169369489649
-0.0024386029635217604
0.012000902731893725
0.0019090392241105456
-0.006650253795288986
-0.033359863171037174
0.0035071227429263685
-0.003931175002587954
0.01193305478955912
0.014936627472359684
0.0044920707039864585
0.0015033317486815303
-0.0024386650207631937
0.00431900035956416
0.0045166756537258984
0.015331010446426485
-0.010505075704187558
-0.0020204320106644727
0.0020315888817735717
0.014393049445877468
-0.004148271302448185
-0.006418678839662145
-0.0013352226604773035
0.04801400708103365
-0.0011248473086986825
0.0010112553623393698
0.019657723163167364
-0.004867760067744502
-0.005419561597634633
-0.009134960692363522
0.0015185446242476088
-0.002353305793272313
-0.0013769103435523377
-0.002327038619411417
-0.0024361892111182458
-0.0024364160148479187
0.015315412162463932
-0.002270363982509889
0.010742672654707106
-0.0057305005710121
0.018239913900864504
-0.0020203812832315453
-0.02320548043335653
-0.011278810599054664
0.006953518343117155
0.0012899590880651516
-0.01920228483751121
-0.02032638490144464
0.021220324141743116
0.0015630574874201733
-0.007879875069081109
-0.009123177472965049
-0.01391851382247345
0.0008667150716421172
-0.010808748618387525
-0.014998938812767818
0.018427294942077246
0.0040179274453545025
0.011941723852333257
0.007635830300298919
-0.0056513034112321715
0.011934485012610753
-0.00036168210835641
0.01531173051223016
-0.00017497368871678687
-0.007778869246088514
0.015315119315988042
0.01073308145076511
-4.527505870050365e-05
0.005428552956763312
0.01531170551572652
-0.00625128261340402
0.00594721908817296
0.02252868426458901
-0.011294364475213418
0.005889041261303422
0.007433477794953953
-0.022809260454384528
0.012712901695206287
-0.0032680688960022037
0.0032579440222603776
0.0015297549824723812
-0.016767694215799968
0.007487233624732911
0.004784550901886276
0.005581626165084385
-0.010033287529226172
0.012531171012858538
-0.000337200967199399
0.004470953808062464
0.011939551648005912
-0.01693866526024642
0.007206472635780417
0.023228085629164376
0.005581265300609795
-0.026778836110536868
-0.009826058173556978
-0.005050244653427167
0.01007795695744261
-4.532441577012696e-05
0.0016968413888860856
-0.006733759290042962
0.008005353242729276
-0.010971540933971685
0.0059499266357636435
0.015334627950576489
0.012021126571249777
0.011982301915858688
0.0020833406590341774
-0.0011674530096969168
0.015312309542925296
0.015312329669976513
0.0153422397917152
0.02107094498625346
0.0012170515429143415
-0.007436060482226618
0.007242130833044283
0.0012115412525119246
0.001229427415544967
-0.016007693451382372
-0.01836632029173611
0.0023704206993776446
-0.0005423366423002575
0.00598941915851207
-8.380018544111653e-06
0.0014500708470045966
0.017819145831340095
0.0012150057116668623
0.01531173051223016
0.0012130295311100876
-0.0013247760883827412
0.015779828672589723
-0.014851898404804293
0.015886680011979893
0.015312570836503515
-0.0009412377563786568
-0.011292493076199516
0.012157839897560254
-0.004817142478840874
0.015621693017100617
0.0224128684596508
0.0012305759777274953
-0.016664696204022278
0.009333822802448532
0.009724614444426969
-0.027582697600282598
0.02524543083844463
0.02500990342295303
-0.004044994384097896
-0.010851322557686172
0.015311930114285914
0.0019368221131461018
-0.014582081408161815
-0.002348069272094521
0.0012135341472373417
0.004316763770426969
0.007114060267832692
0.0020951195966198493
0.008316778383075794
0.008510707352143383
0.01636368580266603
0.007131706749449606
0.0025731578345776435
0.008641339990276891
0.0012135449856286301
-0.01415175778803318
-0.014598677917118398
0.01533172415809032
0.001287954983843077
0.007148765770252664
0.015319187656643913
0.0012135149814002457
-0.016545794163073464
-0.0165061197890648
-0.00021398307715192753
0.0011591015015425742
-0.008689083764892585
-0.010855737369468682
0.015399835466422419
0.01063463033060934
0.0027791128642935784
0.001422904966019458
0.015325939724577109
-0.01860531590238178
-0.014285541623430128
0.0012137225854286407
0.0044863863893232665
0.007458934114252827
0.0073116525886290735
0.0008280811802090947
0.001387400074243408
0.002746896097582189
0.009139377876920807
0.001219943871488749
0.00921741425240866
0.009057108823334598
-0.015188022490855307
0.002077129799530789
0.012026191297394821
-0.002567049545250193
0.005796776281855472
0.007357213109981624
0.003994185401406834
-0.0020134046666596063
-0.004712016813795691
0.001584265471970679
-0.00520906988204387
0.0012565458006397537
0.007105963697072579
0.007105560790099351
0.00806513375837306
-4.529767337187996e-05
0.007148411112303687
-0.0023491967141235507
0.008103853919922199
0.0059777697539544076
-0.0222579962722256
-0.00810865398025875
0.0028688480176931657
0.0012135713122597954
-0.011773946971632691
-0.013945849929173701
-0.02211127605687681
0.0012358279043482104
-0.01601591827771285
-0.00104068004836118
0.004727190604375459
0.0023743637850948685
0.0015953277225055152
0.0012134852029146931
0.009783259736231353
-0.014945600364933793
0.0014795387579118078
0.007137807193284939
0.0025506383930964456
0.0003337792945384043
0.01237485405084517
-0.0055550987184741826
0.015315297473369316
0.0071714177528666104
0.011790223974304445
-0.01688179972771251
0.009044453116528748
0.003877314325867971
0.007109602040171141
0.0008010956375879674
0.007142671216635479
0.0007875452727689732
-0.004002100116443852
-4.514882029692897e-05
0.007187795627682996
0.024873391774554054
0.015357653322283544
-0.011846049831217051
-0.0026331524098788233
0.001251696935219212
0.007101958154901406
0.008757316391818152
0.011067853793792179
0.011288935697329746
-0.0009324489822752115
-0.007671757970501499
-0.003914618949146144
-0.004217667936285545
0.000688469773582065
0.007635826198881546
0.005467359916016911
0.00710466716716038
0.01531420307607321
0.0005575548516886362
-0.003417748778539496
-0.004214678423731379
0.007195335989341692
0.007103822182717439
-0.0006079400223621427
-0.003515448398032154
0.007080854416580176
-0.009077152977155662
-0.021458131136592645
-0.007318537071578822
-0.0041898387360043855
-0.0005543731270530632
-0.0041898477456128
-0.0041898387360043855
0.007109746039154897
-0.003417762845966218
0.0018626798113587446
-0.00748179956192199
-0.00042438159571730344
0.007113412748480514
-0.0017660178808790532
0.004200722389070348
0.015613689082921604
0.016326855729207786
0.012301705026417325
-0.011224925403357332
-0.007530958710467766
-0.011714644621052912
-0.002378716313222483
-0.003905442849700429
-4.531024580424916e-05
-0.00393828235445559
0.004836859494159625
-0.000293920052143861
0.007383223871633255
0.003843899838259725
0.007559302148139104
0.007161320097758837
-0.005434237969666784
0.0008489801901520308
-0.0034904865726978758
-0.007534038443885484
-0.011501019344943486
-0.0018818060256962459
0.005670575324835191
0.000514590989641851
0.0016765507753444956
-0.003546408691820925
0.015333154706778832
0.02251273430641992
0.018565298688805118
-0.005560039730367804
-0.004017166684396479
-0.004462501767773133
0.013563111383760455
-0.004182049029753244
0.004228539532804938
0.0044811111000637805
-0.010419051011226903
0.0019681629932264454
0.002000781252481927
-0.0024137181312230784
-0.014259018737204782
-0.01256855679838172
0.00026850967583622075
0.0006972910550768377
-0.016305827979998792
0.0027831228989903378
0.017134452445763428
0.0009076718428906863
-0.007415803076105176
-0.007973974556659233
-0.004189852778270324
0.0012716028138947664
-0.007495278694672485
-0.00779619776843189
-0.00412245899299145
0.003230941366030508
0.00026210121635617206
0.0004760563382511054
0.00034930409031883275
0.00037089727408659405
-0.004189849488530269
-0.00680665597200424
0.013497325900603131
-0.00984923153948563
-0.003238235596178642
-0.005700339901018712
-0.004189941925706207
0.0037579733269053717
0.0031257720651465056
0.005126499012987716
-0.008799662016898852
0.017187533213151446
-0.020161892111134082
0.014700370242040904
0.0004928376807459477
-0.009519418451146877
0.004154244825835272
0.0008560904964714524
-0.023477044870498395
-0.005486182921886578
-0.010187263040992812
-0.016099015918401363
-0.05286333708090092
-0.02548184151757002
-0.0002168353455811746
-0.04002650251065734
0.0002588776656041765
-0.01153752008089228
0.011937261282404243
0.007819787432140042
-0.009614946983158833
0.002868357402871231
0.000620253218973482
-0.00392617336052524
-0.006745574088128336
0.012137013113841025
0.04089906886771461
-0.0019777148697162337
-0.004835017155109195
0.003438335390492773
-4.527505870050365e-05
-0.01215595831024291
-0.014717787986764397
-0.008100785019636672
-0.004189845924503868
0.00044569309203156064
-0.0041898387360043855
0.026299053827401723
-0.007709760057876898
0.01467557143942554
0.014630161791960538
-0.0041898387360043855
0.002777904898836916
-0.004204505004138764
-0.011666557256781018
0.014637609753593385
0.0005665173382797159
0.003646915105946623
-0.003773547235331824
-0.004113353380466005
0.01462281597017195
0.008105476874494208
-4.5414065468148124e-05
-0.0032622607544910854
5.15913926374116e-05
0.00027484582265327413
0.009040941077623873
0.014649393383199144
0.000329438525887264
-0.005466229076690823
0.004454710016807588
0.004454950869156479
-0.011079798313437618
0.00023698552443115732
0.012053691813854121
-0.0034969798074315273
-0.002720445027208349
0.0002372094527746573
-0.0041898387360043855
0.013160246919177226
0.002732452355386635
0.012304591731575963
0.0024644610532293778
-0.004214204117309925
-0.011487634565312385
-0.011619926350941983
0.0038724656326946374
-0.011933671128886828
-0.012100053165244488
0.01381687192975759
-0.003930748483793799
-0.007480050800518269
-0.0041898387360043855
0.0018649333462592852
-0.004314363142066286
0.01045909670419756
-0.009313189310448739
0.0020411658319386588
-0.005491529294839987
0.01464914540649353
0.006954842188779935
0.014627171394451416
0.0046174189544601575
0.01572465764319236
0.0027901480440776266
-0.0041898387360043855
0.00390842888505386
0.0015189976720910248
0.01925418023117707
-0.0041898387360043855
0.010673926440651012
0.014718977865362711
0.010452660405473555
-0.0011673950265262808
-0.005542464388254306
0.01044496956529858
0.004454710016807588
0.00448943335716408
0.002277848907017141
-0.004217664869024779
0.004454906033071158
0.030497344177684255
0.004502318131238311
0.004499197358070828
-0.0003148085153229244
0.004514833528371332
0.007193267295489275
0.004454704849792146
0.002022841143646229
-0.0036413542698472464
-0.022882376115459614
0.005549083709482657
-0.010139491231247693
0.007769569312730124
-0.0020133206415542683
-0.00365617476195611
0.004476378667690674
-0.00017155441067209041
-0.009379760356374984
0.004474078548686752
0.004454903360092484
0.002147204992605377
0.0044561861798168316
0.004454669712202074
0.004459046608887596
0.012190586745332629
0.004868909276802629
0.004414343364636773
-0.0023772595384011987
0.002430153014844236
0.011843802463007792
-0.004095377616536011
0.003051667163153837
-0.00587840047150559
0.0019672904491508506
0.0025565528658633304
0.0025438445702957663
0.007720528302239334
0.011217106315172694
0.004456850044363395
-0.002321731936970601
0.002789648626813482
0.002690128635499554
-0.0026915496328474915
0.004616585259934637
0.0021513128789063043
0.008006015704077269
0.004463100857170131
0.00448438299745981
-0.00011101339000428343
0.0018262080943147526
0.0044549028900940065
0.0021861147162200493
-0.0022518329979537054
0.0029241296308088693
-0.008975274262732893
0.008165303946746439
0.004841118303173734
0.0025926340613023364
0.0021616325532071968
0.011422815063264678
0.0021594828267662357
0.002184758221424084
-0.0011597741047598786
-0.006914652028945968
0.002689946259915464
0.002988082904639091
-0.01155840520840996
0.011927153814588061
0.01553134617796651
-0.015130084641724377
0.004454710016807588
0.0025720018333400883
-0.003609683876354703
0.002161130523307227
-0.00838852751280991
-0.005333507462026722
0.005261364768542173
0.004282394416965408
0.0028250157116959727
-0.006052731254194509
-0.00037806515034487004
-0.005220395473005239
-0.0011458055374946041
-0.0023613178211670197
0.012079692250739743
0.005316029721790697
0.005312757383340336
0.002181577831416335
0.006605974760803596
0.0022604547524568974
-0.0025797050174630855
0.0043432494497113675
-0.0009529390719628771
-0.0010251241401729191
0.004543940647087874
0.002628343123579153
0.0031915462675300506
0.005324682304524395
0.002384584364649257
0.002635040320836467
0.0019889534485670766
0.0022046332990102936
-0.0008561400829860887
0.005300552408654949
0.0022784715003699644
-0.002052969053664458
-0.010196265369631259
0.001228328759665072
0.0073969621478846516
-0.01331304989082775
0.016975686576255162
0.006652572570951134
0.005286026200820038
0.008478357562492322
0.02705288615980191
0.004713820261711723
-0.001337922083285613
0.008472368994265473
0.011661295172512798
0.006355268241557575
-4.534767708419192e-05
0.007775355384239803
0.006669654994335076
0.004492696308623968
-0.00690023589078997
-0.0003969768390313536
0.011770913388296682
0.005245849138902114
-0.006928627737679689
0.029282604449229643
0.0012714851043753677
0.005314986656587658
-0.0020990929409165845
-0.0021583137506812184
0.011623258642821857
0.006540807165465947
0.002262246897303545
-0.00405926300204292
-0.007982153050519088
-0.009184249951373994
0.0063371840135959204
-0.011939664055271464
0.0038496575739137935
-0.0041898387360043855
0.005244084013043627
0.004162331049476702
-0.0033644515198684275
-0.004696648404705265
-0.0020620960851081838
0.008171774917710206
-0.00238353588415381
-0.0010117354920224108
-0.012573686757977062
-0.007775423586579559
-0.0134540427023816
0.006203758485523707
-0.001126304129263998
-0.0023828856122937838
0.00153289786508575
0.021825265600854973
0.007396183565805077
0.007882670187435771
0.008901275974046155
-0.0053572767011451005
0.006431397269272474
-1.968141133711195e-05
-0.01317877834458342
0.00916814681430268
0.0063390483244321685
-4.532760811480554e-05
0.008152322718346837
0.008071116709982907
0.023535406842636435
-0.005280797803353554
-0.006816824840917523
-0.006557809958048443
-0.002385939851728012
0.008409713023901784
0.004335000063424857
0.00435769786401344
0.01329046237189341
0.008065789965152547
0.016045283482948893
-0.012239411161951402
0.00808429458069064
0.0067147459812127285
-0.003936069931806232
-0.003417768203555658
-0.011775474085597704
0.006339330878163642
0.005661048475379389
0.0058037649624089445
-0.001167437965140736
0.0024373218742328533
0.008483578547163903
0.008220463841847233
0.00406550380572885
0.0005602423740323119
-0.002368284320697281
-0.01242380842705363
-0.001167437965140736
0.0023375867219244963
-0.00959027278029837
0.006412500695930888
-0.004448752958571595
0.0063384121934633685
-0.007391863635244224
-0.002357307359601786
-0.0019185331412425338
-0.008737676945449085
-0.0001131663713621557
-0.00381807698868658
-0.004824750009420523
-0.004043376110452869
0.020724707080100213
-0.005177494711382848
-0.001821298903774036
0.004040772258027081
-0.0017994767822086316
-0.0013689691650647642
0.0034104107110194855
-0.0009893618640066204
-0.0018096470336086137
0.005661741504661848
-0.0003619451575558125
0.002455861756197584
-0.013257315324290761
-0.002384795571366169
-0.0018879320292414117
-0.0013402483663895117
-0.0041898387360043855
-0.012037971520500769
-0.0034177646941116408
0.014565409598234307
-0.003401224273485851
-0.004771455672741942
0.00728463308490661
-0.012129024428443377
0.015655068404871998
-0.026395488522061666
-0.0012069507571543184
0.002695816448949193
-0.009730775062689757
-0.028575399772982478
-0.0017840257646005166
0.014893550429486913
0.006331957327228363
-0.0023758788771119726
-0.007743284523638807
0.0021813954890431797
-0.006486210579335335
-0.012994683460629056
0.010904424491839813
-0.0019508671978047485
0.002171154605326588
-0.001967207624738476
-0.0041898387360043855
-0.0023659949587035477
-0.004754079813825699
-0.00197152629143085
-0.0019621485509020366
-0.0019635462526014086
-0.012422143647665664
-0.015092127041203393
-0.00535731483215538
-0.015490939507288052
-0.003780109055088343
0.0071774971129274405
-0.00224985466405482
-0.005923939619354252
0.001974826217829266
-0.026702123194185134
-0.002284358541922805
0.009582527957313031
0.009141585580096897
-0.004747982272317383
0.007960527912764694
0.014333785656383513
-0.0019587607196630665
-0.0053572767011451005
-0.012512733108929676
-0.0022440848386114215
-0.0023585803121414896
0.00780763744252128
-0.005056292779432873
-0.019591295294100326
-0.011800041716783212
-0.017319457583060263
-0.002273428478620019
0.008010838499499474
-0.00011048513422715144
-0.006036034270136269
-0.0035254692098597323
-0.001956550198514039
-0.002385915158409323
-0.006002364815427347
-0.0017585406089857662
0.006337555706452199
-0.002815467308992297
0.014174210669311297
-0.016607254963214007
-0.004049632028495446
-0.00011310623578952522
0.0038031340440401566
-0.01104462793815967
-0.002384238913625142
-0.012370659656399838
-0.0019450286873857166
-0.016553280493723913
0.004197512913116769
-0.008863962435065697
-0.017068700384824012
0.0023177873732231477
0.019110101433586896
-0.0019004337138228348
-0.0023799331063371378
0.00239333536688365
0.007793317997953128
0.0024375020042624665
-0.0023823010619306796
-0.0010351252990768378
-0.012079707880121995
-0.0023281565478502136
-0.016538362294871663
-0.0023849609674299987
-0.004692620021008574
-0.0037769943382704963
-0.004623147757089734
0.014563936954402057
0.002566997006890238
-0.010529578756174713
-0.013278445990807495
-0.01908000911475832
-0.0023810983806776334
0.008046285068909706
-0.012955463866366278
0.01654051651166895
0.005287841729474302
0.00795300938183831
-0.0017718768400565676
-0.003438933609678705
0.006571300875481814
0.006282515629923931
-0.013375909169663424
-0.007054031716303163
-0.013490088913839906
-0.0027695368321212495
0.0034669266008285587
-0.012153797552038562
0.0037050767269101114
0.0028749671677076104
-0.007587551235126538
-0.001727524677038622
-0.005237420533012117
-0.008434253908739748
0.006296854387927481
0.00849480907985723
-0.0024844787177402145
0.0004260455405022794
0.006369081418044592
-0.002287128333271235
-0.010854613662031089
0.00718243994251076
-0.009230887331217234
0.006466710380840041
0.017329808571508572
-0.0006729115036555916
-0.01048825879847573
-0.007966380141999234
-0.0077777740919012
0.004680900646206479
-0.00994289859729922
0.008377894342303046
-0.0005746538440062668
-0.0022683945606438477
-0.0007329032516884608
0.002011248526732176
-0.0020595674754580002
0.005484120701601962
-0.002472171250661725
-0.0010607917394873558
-0.006770678911616358
0.006287300579098129
0.008404765495963877
-0.0025300839333166794
-0.01475393344645097
0.0063596667723464844
-0.001194646740650715
0.004978308413649376
0.012107775825998927
0.00046436296411620247
-0.009999774628870306
-0.003849062942750218
-0.002230124254943898
0.0016322877971483537
-0.003595361590672274
-0.0007253068767857218
-0.005725664425264173
-0.0020606832992775444
-0.0022049292620196356
0.004489133026217102
-1.7881879268856902e-05
-0.005811250916522836
-0.001351796778678954
-0.004965252717548595
-0.010801266197744512
-0.00370775555333387
0.019210361306064745
0.009520829300458014
-0.0018147037448424982
0.04662158481675001
0.021876741301140482
0.03173169871345459
-0.002399223048374373
-0.0026560818644937485
0.010983738368243692
-0.03787900870455374
0.00898205764262382
0.02972656116495973
-0.00761299324747346
0.006597696217654697
-0.005067986152170539
-0.0010309792423371805
0.00022105571233164978
0.0006527344093410312
-0.011315193722489889
0.001252023028493003
0.001252023028493003
0.001252023028493003
-0.03639974360372306
0.00427025674637219
0.005522279774865202
0.0008138007234865103
-0.002399223048374373
0.001252023028493003
0.0036625781717970645
0.00592613468187464
0.001252023028493003
0.0008138007234865103
0.00965200989535847
-0.0010309792423371805
0.001252023028493003
-0.0022756848156111047
0.001252023028493003
0.001252023028493003
-0.0010309792423371805
0.0008138007234865103
-0.0025314392897572997
-0.0010309792423371805
-0.005840756030225544
-0.0023850764085354176
-0.0010309792423371805
-0.0010309792423371805
-0.007752760022398918
-0.006721799422335255
-0.0010309792423371805
0.00022104378615582276
0.003317341695589002
-0.006721780780061726
0.00022104378615582276
0.00427025674637219
-0.0010309792423371805
-0.0010309792423371805
-0.0010309792423371805
0.0020658237519795
0.0008138007234865103
-0.0013426208663543885
-0.0022753786129082916
0.00022104378615582276
-0.002810159199116567
-0.0020217734624484503
-0.0010309792423371805
0.001252023028493003
0.00366256091533642
-0.0010309792423371805
-0.017829455222882727
0.0033174489951012472
-0.003672220068615782
0.007941414315417259
-0.0010309792423371805
0.001252023028493003
0.00022104378615582276
-0.0010309792423371805
-0.010856493688845326
-0.010856493688845326
-0.002953363748940184
0.0012539013336658128
-0.0025314392897572997
-0.0006134711410281505
-0.009041142980391203
-0.005840756030225544
-0.0038680262516672622
0.003317341695589002
-0.005840756030225544
-0.004336765095614622
-0.0010309792423371805
-4.558381279433349e-05
-0.0010309792423371805
0.012551219649751416
0.022066321641710372
-0.05456584793452782
0.003829173255007177
0.004870296324854062
-0.028599131508245758
-0.005391277216967101
0.0060062424884179426
-0.007186866813441455
-0.0032414785140020956
-0.0034147935938183063
0.026820944868620133
-0.015352289669832712
-0.028423034610429103
0.0038306118103038802
-2.210772940423968e-05
0.013798873487919737
0.01174941144532146
-0.012869599810552171
-0.0034232946090193375
-0.012433837741754456
0.0034446902334954073
0.010552824578770945
0.004681672238094389
0.006656388507186808
0.01572845106186528
-0.005432873070619453
-0.012041257727042651
-0.0012248026591539325
-0.020151560605959642
-0.004226886233595424
-0.005277257818836835
-0.00042140302706093763
0.0016406746072268258
-0.0023821948614340706
-0.005421255260512562
-0.002011906420886189
0.004281197909120293
-0.003851453879167277
-0.001125604006057279
-0.0034300300246289843
-0.0025184180566448482
0.04970325422709549
0.03043685264216735
-0.01715852168087241
-0.011149116385963992
-0.046080832444637225
-0.0019562395061500657
0.004270227963289317
0.0046795868222424064
-0.004190355532570419
0.007835274987910522
-0.018561641121126304
0.0025458516733933693
0.004406728577268151
0.022084907885461465
0.010037921321020984
0.005365127494231496
0.001318523222184422
0.018808792938878043
0.004679653675251513
0.008648032467575754
0.0022608656404672694
0.007449204046011712
0.002934620528943625
0.0026125506818197174
-0.017561319266288695
0.019338421915587708
-0.013252749981328596
0.004270520659999104
-0.014895518201038056
5.583863952260569e-06
-0.020588473030119462
-0.0049298729807842525
-0.004959391167272678
-0.005271603812124312
0.00427019342325474
-0.004900970795024864
0.015897754363730615
-0.003328688772971138
0.004213006609690264
0.0027856362333752854
0.004695634079759781
-0.0049868191356640555
4.7061225259359026e-05
-0.004914790660561971
-0.005717620954627276
0.0013100402391551243
-0.0047017614556005135
-0.004733392783894152
-0.004736502474796734
-0.004737609408815381
0.0075589956956654365
-0.007022153097952388
-0.008476636010654279
-0.0041903522428303275
-0.008238939374123165
0.002296402394112401
0.002285024815352847
-0.006628341203345253
-0.006555856144696995
-0.006648305264765226
-0.006661760636352148
-0.004922959150199582
0.010671170174779561
-0.0023963549531922134
-0.004944184747320424
0.0018617432562936546
0.0042701769691622996
0.0022966105019196657
-0.009908075108253615
-0.004818826393318065
0.0014211073768178944
-0.004670719027642059
-0.004757865750878983
-0.004746293712488232
0.004270227963289317
-0.009417567006068732
-0.001728676980162438
-0.007564016887771509
-0.0033464399312762663
-0.0047035490954106555
-0.011300204204774109
-0.004601359085642125
-0.0031719713429283454
-0.013338572881369361
0.005387489987980491
-0.004487744538329252
0.0004931683620362608
-0.002753042301830239
-0.00524404097407394
0.00353834431324876
0.0015036165713863455
-0.0023830961271060058
-0.0028067183313513367
-0.002773356639382076
-0.002795965309254848
0.004270227963289317
0.001460185661850292
0.004558094963183388
-0.0016037847894540276
-0.002383221488910557
0.009006342457544819
-0.0046641825066327134
-0.0046840263563791
-0.006243658838392786
-0.0026311113402263755
0.004513425632479413
0.0042701857920653995
-0.005779176514149685
0.0030032626876284377
-0.001673977017994916
-0.004675943902802607
0.004832309063195605
0.00017592198848829732
0.002419133355328661
-0.003392693480169617
-0.005769552824239766
-0.005208277798725239
-0.0068263744179280165
-0.0005403370060113246
-0.003005331099554753
-0.0030064924185807624
-0.0030065070618562097
0.0016508723180352998
-0.0035306541094789184
-0.0044216355844972355
-0.016613531366050368
-0.0019916263086738922
0.004270209591604581
0.0016459688811211325
0.0066360717987955465
0.016988848404624605
-0.003902497041955043
0.019421602808376084
0.014606315285608447
-0.000286147554011246
-6.207158270447714e-05
-0.006047188644811579
0.0016425195336056764
-0.006649002552269507
0.005068741291169433
-0.005116738701947935
0.0022759771161256367
0.004268074026705015
-0.0023850767343314614
-0.013010823972303328
-0.0008808901756195503
-0.0022050522440708554
0.0002657286126757976
0.001820691950473517
0.001436987105505542
0.004273709790870492
0.004273709790870492
0.0019084693839288435
0.001642145873356393
0.004270502092471374
-0.0063485402699462986
-0.00019505781484912687
-0.005739718480009953
0.00152179936868393
-0.0013554576362171133
-5.2741981423782265e-05
0.0013717499728691344
-0.006236589320758631
0.0016417248589566662
0.001678761307100453
-0.0022247372031654706
-0.0021108677734552055
-0.0022626813210083626
-0.0060202349163911185
-0.0021864901056800187
0.008405680742727408
0.0038664694212858642
0.002431368597735909
0.0028803043517167184
0.004895856526864844
0.011525454703175016
0.0016593371749462653
0.004270172277371541
0.005664618427645161
0.004272239327549474
0.002887249399536289
-0.00021215532435136147
-0.00022536349411414765
-0.006576325424369169
-0.0021984862228218997
0.007743155739194658
0.004270206352692269
-0.00658977769642759
-7.281188907785109e-05
-0.01098524083342187
-0.0013899567828305045
0.013708687590058643
0.0013569765524365604
0.0013516995131784958
0.0013944847328817421
-0.0002531293465377811
0.004270132667380173
0.0015427061835652427
-0.007537474489742248
-0.008683679685269789
0.001510970240454783
-0.00027631434038868403
0.00010351863349884485
0.004270227963289317
0.004270227963289317
0.00136037688916135
-0.001853728362869801
0.0016422662987734913
0.012954851240703438
-0.010716576728925247
-0.006808127868471013
-0.0038371615214857035
0.0016444561785540469
-0.0014882644613481287
0.008473862308149309
0.004270227963289317
-0.0025311861372862283
-0.0003592486823244324
-0.003936344117515852
0.0016848720618211207
-0.0023920052984695976
-0.0022299773482451404
0.00168565158626083
0.006195436124542594
0.009741552603318843
0.0016406010932359897
-0.0017967458440966621
-0.006640232689565629
-0.006627401608438306
0.0020248518420771266
0.0013510146794805
-0.006595062672850475
0.0047269928886078064
0.0013618943916539478
-0.00663714456475125
0.002543296503938053
-0.004630441887899606
-0.001192187055825015
-0.0016790239575946559
0.0013523797655654948
0.0016409747534852836
0.0016427192896212009
-0.009515627044009392
-0.006536712509852273
-0.0022233324869834043
0.004270211794542075
-9.135699331604216e-05
0.0016409948486095739
0.0016311222088840553
0.0020598055490322247
-0.0038615131877737852
0.004270227963289317
-0.0002589777982910075
0.0042702041189627005
0.0016412607842118717
-0.006625426887166066
0.0016405673664340575
-0.006609179181215943
0.015599594206014266
0.004270227963289317
0.01540635602759396
0.02069298395916973
0.004270227963289317
0.0019573147256059615
0.0025589928211554574
0.00242590434524019
0.0016405961961904604
0.001640643499315836
-0.0021872792369179404
-0.00526489319139221
0.0018112663106130739
-0.006563027915725853
0.0013715479178955479
0.0013821436458535921
-0.005547763704228825
0.0064750145664769386
0.0007561031603046072
-0.005279477170831006
0.004270227963289317
0.0016415780128584494
0.001407862726183918
0.0013908646753964706
0.0009960023142640657
-0.00036188282866951344
0.0077371265369658914
0.0025977178552784776
0.0008483155860167254
0.0018138136465478435
0.004270052075878138
-0.006225332959657268
0.0016406010932359897
0.0017717711979816028
0.0013817863409852293
1.6846521051918986e-05
-0.0031172504501151667
0.0016707167236924725
-0.008983356541662778
-0.011616493576170759
-0.006651504980192732
-0.00846350443761676
0.0022103478659914137
-0.0014209264598121331
0.001641021148930044
-0.00026342323298034746
0.0017923219333583476
-3.887087191252613e-05
0.0016406010932359897
-0.00028423245670222463
-0.00017882262638254257
0.0016407537701248057
0.0016487030726015093
0.0016502478527218986
0.00015685993378572208
-0.00028638791153644196
0.0007821112365329677
0.000130822641657222
-0.005183330807740536
0.002677216752130594
-0.013057873876204124
-0.006955600377579528
0.001811085763737485
-0.0038866327598461137
0.00032620709644918367
-0.0014831875070737903
-0.0052221744584184165
-0.0022145584439924202
0.0016419597753769216
0.004609155455554833
0.0013511746817536229
-0.0002894897673591273
0.0013780003216274064
0.0016406010932359897
-0.0009640540901378279
-0.006320585788796694
0.004270566281973912
0.004270566281973912
0.0017213307118995526
-0.002192530173176773
0.0017193865595694397
0.004026302118970007
-0.0010164570330492982
-0.006274884957998675
0.0017256968542919454
-0.007559020497765249
0.001374951473344766
-0.0023992102821349917
0.0016409413550591602
0.0013536825403171803
-0.004716404351268193
-0.0012854442373219396
0.0006984299340583005
0.0006640564413445419
-0.006664120710774052
0.001553484531039891
0.0015534402968283394
-0.0022735005897298976
-0.0015253050496270724
-0.010355547223554602
0.0013512368218234797
0.0013874243726509
0.0013513820227049496
0.0013514235699561303
0.0024820832076598368
0.024855492523627464
0.0014915613448489486
0.0028182549818825367
0.009766051455779367
0.004270202108152588
0.0028298545063916583
0.006485004684066216
-0.0021569602042982457
-0.0014581329010214534
0.0013569438309385586
0.001352177453131422
-0.0022441136146066415
0.0013513864737447205
0.0014781833354246964
0.0013524958775331993
0.0016406012101992241
0.0013783597858884776
0.006062493799164773
0.0013796692326197189
-0.006608577075277162
-0.0012897480839289149
-0.0032171258630143435
0.0017923422754937198
-0.0017094600037388425
0.001367301750546205
-0.004934408599609724
0.0016406010932359897
-0.0023079365807967696
0.0013924749689011502
0.004270227963289317
0.001363190287048235
0.0013650179868093819
0.004270207727237229
0.001352473720709271
-0.0002874773744369625
0.013544694115180058
0.01858457805778085
0.0013741089109288861
-0.004139481781916205
-0.0014114327906481234
-0.006572087726700197
-0.003901223089331859
0.001356019525558333
0.0021843846934261656
0.0024828547573710765
0.004270227963289317
0.004817096800965165
0.0016406010932359897
0.0016406010932359897
-0.004692748029136782
0.0028828378545936962
0.010651209877522671
-0.0011396968316597536
-0.0002932897839706521
-0.0043929869606038245
-0.004728229939994235
-0.0022457274906477046
0.0028467818478524667
0.0017827291792091124
-0.00796296520600297
0.0030335970385352742
-0.0073872938113891135
-0.008757024179668744
-0.002246144620691804
0.00017200222560409211
0.0005779825599261323
0.00494586726537195
0.0033598583301385713
0.001359771468858289
-0.002396933579908504
0.008707703990824689
-0.008965911744138317
0.003142995769232058
-0.001691596425814739
-0.0022617879857722597
0.0031419350087536083
-0.004410088362212595
-0.010934616231423177
-0.005853002732645939
-0.005092719302461366
0.005085538142014246
0.0033378064540797387
-0.006063119613686918
0.010847902637377282
-0.007332892442633512
0.02442326908565297
-0.011400288197230542
0.010155490419756911
0.013140296578437854
0.014069291039574784
0.016030343551575458
0.006929585736905765
-0.007913359104987486
-4.5605453057132115e-05
0.0018838631667196972
0.0045877018171037115
0.0018357511589535834
0.001258426394303616
0.002805134983448088
0.0031440839382144564
0.004348415449440788
-0.007757686832802894
-0.0081628678447316
-0.0024704143418456475
-0.004824096686406252
-0.008931058363856097
-0.03337088734565402
-0.06867228180319249
0.019118134386503994
0.0026933912116264974
0.0015803051266581017
0.005848922069830155
0.0033549121158252017
-0.019260697284040226
0.0013880957592660422
-0.01811761217653253
0.009993623273566635
0.005067661228822936
-0.006253365467141174
-0.007858740624861471
-0.007843596192857948
0.005112163026991053
0.0013510074533154219
0.001640643499315836
-0.007945034862664187
-0.00796042955442239
0.0030996484081340014
0.003213267228965036
0.004217134742841584
-0.0066040017564182015
-0.001326681713415897
-0.002531423277507226
-0.007357543197970298
0.00137929425078812
0.0013510867964718386
0.0032314578703525904
0.0019566210566511364
-0.005242858731877793
0.007150615293314824
-0.0022203920877328052
-0.0014069653514160675
-0.00221983457665048
-0.009610545422409626
-0.007921966282465132
-0.002218748196553136
-0.0002886297994261649
0.0013908122311402787
-0.007792676022038075
-0.029812376868269257
0.026729631572648627
-0.006780530635943884
0.005668777822152571
0.026801036502898938
0.004396076610648468
-0.014588505565539879
8.965115491678335e-05
-0.014798965720762457
-0.015468696097426593
-0.002333225719804103
0.0017361320316158022
-0.0022170908662875297
0.012288871869483126
-0.002217135548226378
-0.009816704978060697
0.006836271274689445
0.0022782783348224566
-0.010156699829592605
-0.0008403114312251168
-0.0022384747306628313
0.0018461741209661407
0.0017070976355650245
0.008979094906365835
6.388737331369248e-05
0.0006686604638271442
0.003184954736833417
0.0032314234183993696
-0.00271752691804997
-0.004870852277905994
0.0007024949266051717
0.0007440903738363467
-0.0020087376831232585
-0.009600800635890477
-0.009478386366761802
-0.011722707414371222
0.0017955949551346389
0.03968568107439024
0.06011322277987656
0.01576480048729394
0.008829183493233486
-0.0011634213680662877
-0.001927109332263753
-0.024626904751436505
-0.045419552805586086
-0.000170780234038999
0.00924792240213153
0.008188841227759541
0.01359868866029119
0.028397821960510446
0.05972829129110702
-0.012628488835616574
-0.010760239765252975
-0.0031411524070980995
0.055047705833441936
0.022775740489173125
0.012849809246313699
-0.0008158780440684833
-0.005240223646400807
-0.011148434179786552
-0.015828778145750583
0.02354705090588885
0.061209800345956224
0.05814663055155951
-0.021653058855872192
-0.0008101017803064446
0.011026378036920326
0.016348331762387567
0.013240864201551295
0.016727602978759568
0.027214683560811446
-0.005242539332333306
0.031571577885509544
-0.004697472219817497
-0.00559795622899061
-0.005240395013428518
-0.004363062590527743
0.019671435328443607
0.019815891794603933
0.0177733666963642
0.007208710306890773
-0.00012708619430886977
0.02332643922714056
-0.0022187112910833843
-0.0165209123554527
0.007841433008638798
0.0235129855465899
0.018732077573233932
0.0008453233215779001
0.005750238166770569
-0.0011384773034003185
-0.0037083386016247798
-0.002219685809829624
0.0027110158323483823
0.0010420576957428879
0.01408865258516417
-0.004048221125198385
-0.0060014253346186135
0.00025161051100574926
-0.012584392584274842
0.002544450991967627
-0.005972286416797175
-0.003394477934616342
-2.6152727495581652e-05
-0.0023200960016835563
-0.00200271931002635
-0.0020021477207232854
0.007824607406474239
-0.00043687425760043823
-0.008036208093742513
-0.004531774213944277
-0.003110733249171863
-0.001457070596629739
-0.00221443762808332
0.00883026235235647
-0.007775976253924721
-0.007494313702816553
0.02020896696840919
0.00412988738368714
-0.005386089147540955
0.005404035510325757
-0.0009772209128368354
-0.002230066586831011
0.007178597120444271
0.013541601214007546
-0.02031836098862784
-0.029212391451773435
0.01963987602625936
-0.00299955374543298
0.006492613242822933
-0.002206210774082997
-0.004102029064149714
-0.006489427125545708
0.00330505189073273
0.0012308417990316495
-0.008361493205295587
0.0030091396842440196
-0.0035194103663138653
-0.004484998856074635
-0.002296843267509416
-0.023268712054153224
0.0021731026417886132
0.005343432730410247
-4.53908487284763e-05
0.020396541641658175
-0.0006519547576096789
-0.0019399487511470804
0.00874561564346236
-0.009930786266666507
-0.0079304253081252
0.0012739092588196332
-0.022811749086869094
0.0017265099246117962
0.0013063655673686038
-0.02299081735906387
-0.004251611017077392
-0.0021279430292203373
0.020881367350711562
-0.005535935932513598
-0.002445416656003507
-0.0022115234519688724
-0.008800963415128463
0.011401549699020621
0.008242878660540699
0.01605550974032311
-0.0010762516078738134
-0.002103503388684748
-0.002454456984811115
-0.0019125232375303124
0.0034634800924465596
-0.009888591372173182
-0.013941176053869787
-0.0219362130681692
0.003281413310629774
-0.006231013291029874
-0.005315328276119881
-0.016872751389272224
-0.0020631378141397934
-0.012619893912294977
0.0017272296631601766
-0.0025478129281686105
0.0003534642171074909
-0.007101812623175473
-0.01396855161669661
-0.0023252438734751627
-0.031033384229246917
-0.019304177367090343
-0.022278043656765976
-0.03333622429574131
0.006691136750646524
-0.01568117972191316
-0.00040344514548768055
-0.0022167026349641794
0.012043695321106395
-0.007089019291515557
-0.0005160072923621
-0.007424702642100668
-0.007594714568281688
-0.0020845818185411826
0.009230267009690669
-0.0018451817677262365
-0.0003637771025702841
-0.006746649572331042
-0.0037678936754398642
-0.004844476809764536
-0.010355335323497047
-0.00834228176533372
0.01462451724379279
0.02499098384700884
0.00943055128557313
0.0017067730963545643
-0.007890594782491904
0.008130430958847423
-0.007435960387396621
-0.0006343488268398419
-0.006926460534468667
0.01632998623082049
-0.006634641283839682
0.016241355266848907
-0.00562012261233668
-0.004699106872310177
0.009711463565190035
0.009517514814321594
-0.0011373707774748026
-0.0022204345588701015
-0.001735849833712357
0.008385004143343705
0.009323506755070873
0.0005120619015693529
-0.005269384505061967
-0.0007820161853287881
0.00935257629708345
-0.0011900652933433203
-0.005230742400861451
-0.0019604283362514505
-0.004611578692110252
-0.0034970696175952586
-0.001816189788532066
-0.013994264922095625
-0.030851787021760144
-0.008945279876351535
0.008855294019909189
-0.0017913824366305841
0.008537106426556737
-0.006916349692460379
0.0013812070954487405
0.007430895457048148
-0.0014702545758970174
-0.005974080417969453
-0.005244176178428016
0.004033243309146873
0.00227205359668251
0.007294103351812402
0.010719113321182638
0.010708207218261892
0.004406367923236486
-0.0039061555413769074
-0.004285372102523952
0.0005672717345733993
-0.0039031616150664353
0.006228899481793327
-0.011527452966367152
-0.01927724524919679
-0.024646044459031048
-0.006707184051608994
0.004221285750402827
-0.0411663906216226
-0.005244948757257433
-0.008169457141577303
-0.005242298426130615
-0.003622288556942239
0.0042355377203054665
-0.0035227132019379505
-0.0008017745134647867
-0.013467370140871229
-0.007864682856395275
-0.007158913013880485
-0.02143698067233431
-0.010085605714287578
0.0007696265579572886
-0.00995794143995739
0.007744228411821137
-0.0028776300970960026
-0.00764572215050225
0.01858131640197401
-0.003994907269006931
-0.00027994884814760073
-0.0035186417296282275
-0.0020945362939189666
0.006164280925158496
-0.004356353470319025
-0.006832356991979164
-0.0067841987361328335
0.007861726480753102
0.008774360679684826
-0.00015083391813319294
0.004304037792096869
0.0007884918162930851
-0.00018693885356075833
-0.01216723062164531
0.025633246344605943
-0.008337362616066742
-0.004373194174117799
0.004641557619027877
-0.007501002694973332
0.003623845485878865
-0.00524484072880764
0.004097106443587117
0.043633558305309066
0.010007759126280604
-0.010778407262356312
-0.005244381734873811
0.013118421833789235
-0.005232689948511337
-0.013643157170772515
0.006343451666673872
0.023933774625199706
-0.0007203301504774537
-0.010841308186353139
0.01118224726675967
-0.0016979152024044226
-0.015372592821050017
0.00024170631251448053
-0.00016684678758220972
-5.060067183015712e-05
0.006559576526476887
-0.0026479731266436527
-0.007985731393531833
0.0021159168410801415
-0.0014150315498917916
-0.0003421907238027201
-0.005012833575026279
-0.005012762920663129
0.00812166409704467
-0.0038994728115415538
0.001055993821390191
0.014705880152700962
-0.005240813475757582
0.0023057528226591187
-0.010551711458951729
0.008605766425015997
0.0023368608338028983
0.01280860234313341
0.00518367591357908
-0.0033620558399363614
-0.0018910487494947868
-0.008846484904008908
-0.004788757612416365
-0.0022776744292991582
-0.001119335812311184
-0.0010912571421147481
0.009036664186770963
-0.014467922175062669
-0.01122739065368528
-0.02300530436731424
0.010449068869941392
0.021902368259577892
0.020550838474873514
-0.0033814431271959973
0.002564566329498991
-0.0010623321701796725
0.014478094347351745
-0.006966959087609814
-0.012557423706442526
-0.009811823091547815
-0.006963111230405938
0.0029656024543088986
0.002563118972585932
0.0014619583560182424
-0.001094809930188667
-0.02183116727308645
-0.013065784820791872
-0.009059586581127616
0.018571173997184172
-0.0021177554453414345
-0.0008073749577102885
0.00037180821724949156
0.0001887758207504572
-0.0018539304201995823
-0.007129751829154476
0.007851665365408584
0.011429792193183918
0.043189603135090765
-0.0018788396615141206
0.007366393457230857
-8.159831464521173e-05
-0.007206752909516876
4.378080591922081e-05
-0.010307317454677072
0.030285244521495454
-0.006958287076448076
-0.005350850496150706
-0.001485860649175369
0.02145420484269835
-0.007117768113129782
-0.006765539556056369
-0.010117479632905747
-0.005645610593032275
0.010570856535988674
-0.004290393267030138
-0.006765769078807498
0.013293125203867147
0.019414675242015938
0.01059274221663705
-0.003394626202065842
0.025462413765276054
-0.0033793512697827886
-0.0038954758112769773
-0.00511185734504258
0.013138572936630127
-0.014099680612649717
-0.0028002642862789166
-0.007697618407105977
-0.00689060892992506
0.003562387726860924
-0.007098767824125053
0.01609648034942168
-0.009019280735411245
-0.006660467927828828
-0.008318888534561976
-0.00579075722921219
-0.0020536605699023464
-0.003169785503093157
-0.012925110995563304
0.003456603289840487
-0.003990169509110693
-0.005226370475933057
0.005947511460851556
-0.017218953247118682
4.7880121601489446e-05
-0.011750443544646298
0.0024477673928446748
0.0026026311050507222
-0.006654665174022111
1.8885766867878982e-05
-0.005558297938914877
-0.00366745377869582
-0.005088063272915491
0.010081885566699506
-0.007356411562887364
-0.011321211821985174
0.002558076405438279
-0.007548850141282756
-0.005805481915077689
-0.006654646810325961
-0.008093709035375023
-0.0018761048970938926
-0.0026432763515089894
0.00257032544035387
-0.007570958827264018
-0.0020125094830985802
-0.001685316086020616
0.037451287697296845
-0.002462389696202104
0.007197194382597868
-0.012776415906813986
-0.0009460538926521405
0.008044309234626328
-0.0073619717339365575
-0.007257351570816834
-0.014474353652086448
-0.007200389588372034
-0.007145059055967825
0.0024846820253075852
-0.006954719413068563
-0.01363502054006004
-0.01390038725718337
0.009368956946657262
0.007928609866088858
-0.007353120807500856
-0.0065738339230952255
0.0016527903557135226
-0.00735873881815207
-0.00652682744383984
-0.005805102405208714
-0.0134991822453218
-0.0071160511186181006
-0.01384066366153095
-0.0138214608370586
-0.005784922141906105
0.007406631533486254
-0.004118002060293443
0.0041049805788811854
-0.01518257063776584
-0.00692332243469837
-0.0020775811957176515
0.010661765191834465
-0.0002708900248135556
-0.016252272030613645
-0.0039025043021203663
-0.007240817372416863
-0.016989133430265268
-0.00026048082713970373
0.0116693457925465
0.010250672652280468
-0.005223092785125688
-0.004705307829852327
-0.009642273770472354
-0.006659421863791628
0.007893798597478576
-0.00036325561217591986
0.00461746570721825
-0.006561388557795169
-0.008289361946278514
-4.532008311095973e-05
-0.0072612145247049
-0.007259760045342616
-0.017283853279376888
-0.009328732947301611
-0.0039028101086335705
0.04111200244878633
-0.0070334933109981205
-0.01652931041142103
-0.006423443739576382
-0.005802644620117186
-0.0004396230866119301
-0.002621914446245565
-0.009693023095677579
-0.009115836545865336
0.0014341575853971114
0.012103721843539066
0.009239236563436596
0.002280641257213217
-0.02757173847491671
0.0038039109094269215
0.00013645965568914
0.003338504004145494
-0.003101089903619539
-0.006481699200882177
0.007550607811316622
0.0027130322489965822
-0.0015316071082763926
-0.003184745413384164
-0.001028236540847649
0.0013614960494957278
0.0025414986456876515
-0.012047390719683304
0.013022078789724131
-0.007353481286748539
0.0080383915099251
-0.0025417376457948595
-0.005920017781254433
0.002544403810194473
-0.00524545244576217
0.012763488652188546
-0.00524545244576217
-0.006481936361815222
0.004115989254906934
0.0040236222865496
-0.006689680182913832
0.0011037464059297712
0.00047469004629473996
-0.005734135050826345
-0.0024614609897270234
-0.009804146799212881
0.018767791664336207
0.007498200312947103
0.007561671166498824
-0.011341608755973112
0.014216565325898618
-0.0008024984165540647
-0.004213482474882118
0.0025415630633280825
-0.0007640099413092671
0.0022354398994341254
-0.012537756516903188
-0.010377305609564628
-0.0007452443166766102
-0.01580749540443784
0.008325425252398228
-0.019778037102873194
0.002582591594761608
-0.00820609753706816
-0.016195880483369913
0.005079677082798919
-0.005454145055021405
0.01967010807046631
0.009135294557352664
-0.0008028823294370357
-0.061418136607573705
0.012588999500341577
-0.0018274071424562136
-0.0007722460633742424
0.00035722089278450756
-0.012572702403905664
0.01848540926072459
-0.0039381710841293015
0.008121618516078576
0.005138589509399628
0.007801395683819397
-0.010507540030097389
0.012141421404766815
-0.011729417239880538
0.011894536697633238
0.009805686861665072
-0.013027604435280853
0.0012930642140102193
-0.002782595526006562
-0.02630830671652265
-0.004034182512171775
0.05560374173521379
-0.0021304813100991604
-0.0003913964816358657
0.012838206572222741
0.01859479497978372
-0.0003632708928717165
0.004290491965597616
-0.004901953862611068
-0.007237924552444337
-0.0034130812967577517
-0.0019183219455270318
0.017580812134928358
0.013833097548357624
0.00877589667290906
0.016155561061667118
-0.0026070412283351286
0.0035102134475003374
-0.006865617486624905
-0.002248187991534163
-0.005908807452169116
-0.0016587477706127408
0.023434479644845532
0.0009140645663453711
-0.012046208966200801
-0.005149711349455465
-0.005149711349455465
0.00752354140323552
-0.008107325436722773
0.021146410952245433
-0.013383763062163085
-0.0034008078610908723
-0.006317466968661406
0.004970729355311499
-0.005149711349455465
-0.006337110930059365
0.010879459100923087
0.004840870236935352
-0.011551117551253091
-0.0011663859196083695
0.014041863584686263
-0.0069021982507912315
0.0075453884058238555
0.006127509913547505
0.015066250735818128
0.00015146581098217005
-0.00046172057701826915
0.025907372573645775
-7.855805046606438e-06
0.0028694327428776837
0.0029148169173409764
-0.006337110930059365
-0.013210883921098865
0.004970729355311499
-0.00040460543218709725
-0.001293851890458924
-0.006337110930059365
0.01365538010256459
0.015027913472722646
0.010879459100923087
-0.012038353161154166
-0.007596817734150553
0.010879459100923087
0.014648636085151925
0.006127140988515765
-0.006204598193208522
-0.024057965272919483
-0.00164427158596
0.006157081039375661
-0.0001340420885753323
0.012933786741873836
0.009105131847665636
-7.855805046606438e-06
-0.00164427158596
0.013709549561937687
-0.008107325436722773
-0.008107325436722773
-0.0026069415563692655
-0.011551117551253091
0.01998459094858869
0.010879459100923087
0.015027913472722646
0.016672185058682603
-0.0017197680866082683
-0.0023058461361334815
-8.98667239454027e-05
-0.006337110930059365
-0.008107325436722773
0.0016218144752092475
-0.0068481537986704285
-0.010001299753083913
0.0025804706606171613
0.0025804706606171613
0.0025804706606171613
0.005382721697123267
-0.006337110930059365
-0.006521775606289832
-0.004358262728737892
-0.014951015494961533
-0.011474077163526145
0.008791365767253447
-0.0003630474807533982
0.011139565033754342
-0.028288041821017722
-0.011199946737115565
-0.028242298510105412
-0.016505170977325036
-0.04601242080883524
-0.001441781075117084
-0.02298741970118443
0.0038928540215866243
0.013028717074053437
0.013781768702310704
0.023165376976586962
-0.006730808490347783
0.011906396486003225
0.013793853633546325
-0.011838754462373363
0.012307294338934625
-0.005807653939477014
-0.010347678939661212
-0.005504640800390234
0.002559814891951256
-0.0032790427640402545
-0.00582033531948348
0.0050492932572964765
-0.002239330484062991
-0.005822014947196417
0.005269057792872434
-0.002052373028742749
-0.014097155610541368
0.01685511142159693
0.003669161234347171
0.005033261768680358
0.0038083955335729306
-0.000363127489446111
0.003580387269630434
0.0075077346630941875
0.013992327816065495
0.0045597471964742165
-0.006558884091504171
0.015634735621743338
-0.0049013505660111265
0.014331853917523526
-0.01721323385635803
-0.005036315088966733
-0.0030806569546032894
0.008987459639176886
0.015349927143330123
0.0036303405719316467
0.003629874357535766
0.003494042119933266
0.0070958180544887905
-0.0014046096916203404
0.006193924757642892
0.0035156300600614416
0.013716923808678618
0.009704778088697338
-0.0056605476382957836
0.014643292424443321
0.041550003216084
-0.0020945585185568297
-0.00515376387777095
0.00524295859542674
-0.006478842232028604
-0.0032346458613267547
-0.0019306721272337383
0.01656089827200458
0.01243110338468862
-0.008877397423291846
0.029289664663794596
0.016386069254483784
-0.00014299394292069823
-0.005717652874629759
-0.021421486166009272
-0.0011299128839529075
0.016523064658248248
0.0024542667044022766
-0.0030119290180052045
-0.009350440374866115
-0.002991031509680207
0.018655336574792222
0.0035424836578153845
-0.004804389863623361
-0.013301940839853222
-0.0036621512546845514
-0.005084502068959032
0.0017170872286760212
-0.005390301951513933
-0.0029862293086868803
0.014538537207296007
0.006422550935130979
-0.0055195820086600105
-0.00297876746141775
-0.01330715185364648
-0.013256270100747578
-0.00565279288229896
-0.012085715566648262
-0.008625134648352559
0.005625325120102765
-0.002210277596999163
-0.002562981503637084
-0.013276264148850945
-0.002973936584967037
0.013386390533502619
-0.013311628476671783
-0.005662174404672718
-0.0003711150478717139
-0.013288257821569878
-0.01328141470351956
-0.007870570477983098
-0.015004661380872702
-0.0023305022163957394
-0.005447431656307602
-0.002995479780958926
-0.005585296857877278
0.014565304761551231
-0.005070779652360292
-0.013308690274077542
-0.0018892455943844417
0.005628060482168628
0.016109948874426957
0.01777756239632642
-0.015111791759714815
-0.021943486570459855
0.010436376513259873
-0.0003439683467377875
0.016691967864518466
0.001367308924175741
0.0003598056988575503
-0.0003711150478717139
-0.005317533100292337
-0.0003388979693365216
-0.010130675096328328
0.017733972337140906
0.010522735084190252
0.014525743644095071
0.01044686798980333
-0.0014798891874684978
-0.006564009935481656
0.023956824717427758
0.021904618345022803
0.0047795671825067105
0.015200496173851875
-0.0027855250977364813
-0.0032036211616750685
-0.006078629460712208
-0.0003851093482601376
-0.0012515596666327798
0.014536152706165106
-0.013108382651171495
-0.010455964069513933
-0.008242056479298973
0.007261747356015252
-0.00823303262765656
0.0062080406995517826
-0.00531752549620398
0.014540004669776395
0.014772964840813543
-0.00907014602207824
-0.0003707273320594165
-0.014694723832252381
-0.013274423708242443
-0.006053105263255345
0.00022177379588014963
0.0014803944242071775
0.00159041096751181
-0.006950453579946315
-0.0003443386731366225
-0.00029701954998895546
-0.008311058256210773
-0.011652335674798642
0.014533518036215613
-0.005985131271964424
0.0015623794584124402
0.015093760114758605
-0.017271206520963856
0.0004846888643902472
-0.01331048183963007
0.014540183373784975
0.007887764765108727
-0.02196257965032127
-0.008309407268703425
0.014538914579645847
0.005007291709662807
-0.002835168527062233
0.001583714811405438
0.014935367778066531
0.017479532554166698
0.0015235252048364097
-0.008301999133973443
0.00025980202149512085
0.01492882131808305
-0.021561087700866646
0.005384871327382242
-0.013311822467948846
-9.143860834706568e-06
-0.003311774668123328
-0.0014397799439038917
-0.011629380035278193
-0.005974448766983458
0.08773115692424518
-0.03360066460410541
0.002779916787909166
-0.0012054808937268916
-0.0059835037536199644
-0.010926265027137602
-0.0016444962390048227
0.0004520507413126111
-0.005330034128570189
-0.00692833702610517
0.014500371406985641
0.006095582222828623
0.004479020514673664
-0.005316860622659428
0.0014716495544420387
0.004354666946177414
-0.012541935332201245
-0.0010041036105599215
0.0236332351849776
-0.00485157929367433
0.006566787111077681
-0.00034453719002415934
0.014524607045495215
0.014818691182942658
-0.013311470342081728
-0.00352436829436069
0.014528877512745586
0.0002719488884310529
-0.006361673043599145
-0.01172114056795702
0.0027860667756787697
0.0028309024186088153
0.005728539982631931
-0.013139453047181126
-0.014548746866663239
-0.008726917647806956
-0.006818598994918049
-0.0003438404366683037
0.01140944296137764
0.014695125399175309
0.01017632956273234
-0.013550965105974644
0.002100488177417906
0.0019229816675164458
0.0023459359380591334
0.015901938746544653
-0.006093404918892394
-0.0073199940828411565
-0.007923995835499412
0.010862778381862559
0.002311002232006617
0.009120401897691555
0.0092544850187283
-0.013323693645507369
-0.0003422598219099437
-0.00028755938026509047
-0.004901292729353339
-0.00030729276215568706
-0.006097560612981102
-0.006137655936023605
-8.847179752059744e-05
-0.013241306387141024
0.01263751427600193
-4.53826278200754e-05
0.002778055925383135
0.0030355646644908683
-0.0003704624042554614
-0.0133102115294101
0.017480426543706667
0.01754573376304947
0.006346433485436728
-0.013649798238682677
-0.013642917545122157
-0.006091177347372864
-0.018342006462889048
0.05476619693284968
0.009258677770389712
-0.009971418864374075
-0.01516486730101888
0.01656119231544961
-0.0015828538111164938
-0.01676884030547208
-0.026548507763986245
0.0007048879461757823
-0.013311402456804414
0.009360968020152793
-0.004799321622395917
-0.013168428031247788
0.009198689993196008
-0.005993405903188045
0.003642032192836359
-0.034580506127686345
-0.00028999711302635743
-0.00021188158044753886
-0.00024394897463067498
0.003105974178551982
0.0026117865639247516
0.021945042741487286
-0.004873559595848203
0.00011293311992013247
-0.007914037163920503
-0.010207126023060953
0.004316824748675832
-0.00028525959922093465
-0.002628093702677218
-0.00033463033788658176
-0.007907061065796235
0.0002889106036922926
-0.00012318103003833706
-0.01361192353113378
0.016346106040176132
-0.0022026733662636046
-0.0010953891133047239
0.004429660067479475
-0.000214802172976757
-0.020047162895476707
0.018267638503408443
-0.01873053582488431
0.002743159196930986
-0.0031626409882947217
-0.0003711138167321259
-0.006002337752383101
-0.012407484009262296
-0.013202969170423516
-0.02414533833759381
4.8530270183574825e-05
-0.0031370202965621302
0.017279673881118292
-0.003626852927389685
0.005961279109099664
0.0017701711632431537
0.00886199461190423
0.008741974722352377
-0.017741962786056817
-0.009965967272302045
0.011065789287445789
0.007218071787823792
-0.011218090065479776
0.026388856705977175
0.0046978234080145495
-0.005316417864369742
-0.0012810304247831928
-0.005855958710345749
-0.0072592521705572045
-0.017102532120542933
-0.006314394412226699
-0.011795598213560172
-0.007912506043969456
0.0020812839701577863
-0.011858781563422675
0.007899235171383238
-0.013311594477913953
-0.0002581657031548659
0.01586159331189182
0.01679137253993902
0.01748963792950282
1.1237432277233836e-05
0.013117562415617654
0.008012739746676718
-0.02634352751068105
0.021662458326081244
0.0026214381921563163
0.017768664328375545
0.0007589351229280917
0.0032153715550276947
-0.00645469140349275
0.002841263335515085
-0.00026275579597723707
-0.0015275653045052375
0.016704221102887842
0.0007892289961049747
-0.029991890431208847
-0.0024544918326265134
-0.0008343053740399611
-0.012636321134560922
0.018505988270991022
0.002897796084655225
0.016769524979943464
-0.00017856870955326192
-0.00025952504025826653
-0.00015318002793613205
-0.0004917516604814727
-0.00017647138830635898
0.004096452155508251
-0.021861760818073565
-0.00531752549620398
-7.504091244940069e-06
-0.000353879526605389
-0.0002833136509470545
-0.0005373011582799887
-0.00043599189573351887
0.0024709233684215622
0.01670584484781763
0.0005668982101743463
0.0012850057689261867
-0.0070764827159588645
0.005259720159041425
0.0027278578007202624
0.018970857053722825
-0.004468377677377499
0.013646227741599803
0.022294828975607545
0.01923506113891371
0.02099401037922733
-0.006122633336654762
-0.005586610117875453
-0.0025079916122119923
-0.0026604146470802347
0.005541311702946483
-0.01330954361363481
-0.029997883817494502
0.005951974899005695
-0.005982273436492833
-0.0014794994303323954
-0.014851562088025017
-0.013172882770510732
-0.009779288110004
0.009155205570642705
-0.014388623011041915
0.005862235314229829
0.013547662233228917
0.030463146701361802
0.001337855070099573
0.0005569469169052147
0.0002891277911253794
9.187177696948887e-05
-0.00031370924050348276
-0.002941214673124919
7.239021565042032e-05
-0.0003138179737208672
-0.0003343266652251753
-0.0003354239382262535
-0.005317490412724199
0.0005734474135071217
0.0014856869686129663
0.008611038543091658
-0.00017531741530451035
0.02403008908910891
-0.00020318544938033103
-0.0016467941577340058
0.010016416988490946
0.0002129431389157055
0.017802183157199346
-0.0003408159681023665
-0.0003439017596597602
-0.0002330033173377167
0.00808414888711582
4.307458079697291e-06
-0.0003349081120379014
0.0013345006102408572
0.0011963065763030997
0.0012925863326748476
-0.0003302916087678113
0.0012239953136269726
0.00043477995802913285
0.005162613842324136
-0.0013191666021429172
-0.0003191968485934547
-0.00018023947997475228
-0.00036205792615468966
0.0041462123885860755
0.01752776489203057
0.006772430036902848
-0.00036205792615468966
0.004721636519257113
-0.013301148891960287
0.00488604830235752
0.006271024373314126
-0.010565418056004004
-0.0003618503221262882
0.0049896928586220515
0.01772326340554284
0.004271691359033992
-0.0019366198709840317
-3.0989559106061154e-06
-0.006501886441818617
-0.0003427841914859296
-0.0009033750906708453
0.004791758890201878
0.009476115259305522
-0.0003445753543089639
-0.0003441640066332569
-0.006167679917250966
0.005419888542467679
-0.0003042011532864111
-0.013215550943003829
0.00942025999389497
0.004055136036584968
0.006634483390726232
-0.005317837365967253
0.0046741008683213485
0.009327584467402233
0.004016053238977495
0.00415883261061207
0.021990966998305113
0.00401160160128434
0.008868336405016235
0.007955096993715244
0.004020225354657977
-0.00589716171088948
0.004424404363337165
0.008792572335549921
0.008406190373381448
0.017323547445263345
0.004748130568675558
0.01781752436290232
0.004714162336305906
0.01606236334343432
-0.004833756148651061
0.005536494474255924
-0.002935066389790192
0.005117665902635328
0.0014120489732165052
-0.020849340377400327
0.012867451141286916
0.009008392306710258
-0.0007582169463010209
0.017591651607850978
-0.008072658154826901
0.0011286955416025652
0.011350342172553986
0.006268869348703768
0.009484934637062228
0.012511476167204105
-0.013721913115731614
-0.023207112777934566
-0.01365978203189761
0.011415441234583375
-0.013421119422031861
0.011353293972477274
-0.013063082631416935
-0.015473434535384741
-0.013639657724183168
-0.0016572256234754427
-0.013690406511888612
0.013976216915419197
-0.013692865830192408
-0.013675161063424788
-0.013691489644349927
-0.013642944767302033
-0.0136590149415116
-0.001789865836035388
0.0114948870800664
-0.0016568738061404696
-0.013659863031780631
0.01136408716338065
-0.006979653900453727
0.006131249242109951
0.011348297614055012
0.010340495600319896
-0.013511903482737333
-0.013495340546888683
-0.013509033310328678
-0.013482286015169246
0.010501821837989768
-0.0016572889538440335
-0.013192058549563656
-0.013510905957518606
-0.02513983218408199
-0.009527904717398512
-0.005631396740954855
0.008727445707876405
0.011462901981142545
-0.01351327397652822
-0.017444357919092397
-0.013329208572263263
-0.0027192473132156263
-0.01351439771229461
-0.013283674059733217
-0.0017673372665209517
0.006466045533572608
-0.0056203129211766945
0.011348372845083193
-0.013514061303896548
-0.013480062652412361
-0.013513130597298686
-0.012944822934614596
-0.01351283352490585
-0.0003727713346851041
-0.013512477364695677
-0.006458577040783283
-0.007089729091783416
0.01648382175408281
-0.013479973848848848
-0.012786385198062147
-0.013513385506535658
0.010527037994245614
0.025286682047335994
0.006201764795574873
0.006131469035709268
0.006136007990765537
0.014996502302199366
-0.0016897534947541235
0.006136660535942995
0.013888094180179441
-0.0024086392529675074
0.01776003789127706
0.017758542833691694
0.007468541724539014
-0.0011461626844287047
-0.0011324509541896087
-0.0003724504005493487
-0.006111217079781622
0.004788836425487347
-0.0011948210491527157
-0.00786764993379879
0.017028020003343313
-0.06043058139419057
0.009249868288550624
-0.0011547776523475792
0.006131469035709268
0.015962362953895425
-0.003300976353209299
0.003159741318642798
-0.0016887152978387338
0.012673406753409517
-0.0016899018861661536
0.0021673895920592164
0.0021650151930059916
0.003159926833415378
0.002634596217979012
-0.01609917706918812
0.0021650151930059916
-0.012717604555879624
-0.00732312794692363
0.0021656778712486995
0.0021912970983566753
0.006157531147460647
0.002165019208234185
0.0014432305893877565
0.0061329267193225385
0.0021649777544794154
0.0021649645231438543
0.002167861784760537
-0.016696623957160345
0.0031647009729379944
0.0021652752853834204
-0.0016850002037086045
0.0023343432951940255
0.0014179526754304703
-0.0033679989237091266
0.003550355847209684
-0.0034687811317380838
-0.0034722427444879456
0.0021650151930059916
-0.0003740262252523585
0.006189606397874732
0.015975085970834916
0.003507428009628591
-0.004395370062620734
-0.0010889092380382962
-0.005440230460638983
0.006223442144004612
-0.01829560967100787
-0.003667212112769323
-0.003329543854510589
0.008743837025588414
0.006131249242109951
0.006132566267659703
0.006131859608140514
0.006132931889473938
0.008312583166323323
0.0063005759899565075
0.0033024771623795485
0.0033024990882439477
-0.01352560372937744
0.006131249242109951
-0.0016900013059475314
0.006131249242109951
-0.003329543854510589
0.005757287043266575
0.0033025160667279393
0.0033024771623795485
-0.0017501719771867074
0.003303273826385114
0.006131234856104653
-0.012718712907147746
0.0033024826602264944
0.0033024771623795485
-0.00649285480544615
-0.0016865383045700688
0.015384177455541737
0.006259494488932725
0.0033186921274438786
0.0033024771623795485
0.02158773204219982
0.0033024771623795485
0.0033026151230832394
0.0033024771623795485
0.0033024999634771782
-0.006072910277639964
0.00877519272947016
0.0033033711319000888
0.0033024771623795485
0.006130326881757058
-0.0016900072027136836
0.001374349469099919
0.0017923250259850615
-0.007859457350683252
-0.006992044830993377
-0.0008390157064465753
-0.0008566330895602606
-0.0005011491933340054
-0.0008548127955921889
-0.0028482957434725485
0.011200809839213365
-0.0028482957434725485
0.0011464486818317011
-0.0003478681348787236
-0.002848293116972926
-0.0004004353068056238
-0.00502291618225873
-0.0003983747232541465
-0.0028482957434725485
-0.0016697560399528961
-0.0028482957434725485
-0.006269092923837843
-0.0028482931893167246
-0.0028482957434725485
-0.0020586209880938326
-0.0032871821313000867
-0.0010868592912283317
-0.00040048488124108086
0.011258143277062026
-0.006299830825592093
-0.0033018649690718443
-0.0028486051808516836
-0.002848309479541556
-0.0043801015919465325
0.007548803547326429
-0.00040048488124108086
-0.0028493385879067358
-0.0023884720221147657
-0.0028482957434725485
-0.00040048488124108086
-0.00040048488124108086
-0.0032485041946410127
0.015266474648367095
0.017822484565260262
-0.0020587790248208855
-0.0051853537591548034
-0.013650110442446739
-0.00011094930686053215
-0.020530726007699344
0.024359386983772928
0.0050453652261700606
0.01308538521878497
-0.0052942997375208046
-0.0035536926417539644
0.02855045637301195
0.0285588601806062
-0.0028553965380009034
-0.003553521446736362
-0.018450071167045123
-0.015238222042977709
0.033126859625051845
0.0013069908409105513
-0.027303135251090585
0.026255098835601485
-0.0035536926417539644
0.0005541765652228428
-0.005294366011869752
-0.003553769147932735
0.00491678427216077
-0.0022602821186046593
0.007272239070941761
0.0021320204775053695
0.018551735464987888
-3.5470549089915454e-05
0.02142288452388409
-0.005294302862860453
-0.00423176950335469
-0.00037551424926825005
-0.00023997365703920184
0.01857735308607869
0.021658169157804823
-0.020764662370102716
0.010992149999779181
0.007272428562880526
-0.01711239717402488
0.013961285104940657
0.005514187724378912
0.001982415058843959
0.010379046761469292
-0.0042276238132130765
-0.00575515460276906
-0.014106802488416916
0.01502486283502382
-3.545511669698178e-05
0.0008081578084967669
0.0035022575340947475
-0.025771689330943093
-0.0257181462257815
0.002414299017243989
-0.022174959322368924
-0.026468676947667143
0.006827371505272519
0.01571497631257676
-0.0025595275143308624
0.012673954660190747
-0.06185846845867369
-0.0007955356533041334
0.03744024370115402
0.02525502352798745
0.011667358004164179
0.01326944075635723
0.01693838732312223
0.005833756676264563
-0.007322730326895583
-0.018839003795178194
0.004384207843054799
0.0076001827364045585
0.005133878489331037
-0.019239979230442475
-0.021844973102348474
0.013382427630840368
0.002546052760693269
0.0036892533504829382
0.002246746574143894
0.0011359708875295319
0.013344203121543021
-0.011854464064343446
-0.003156843097053178
0.01248284423330229
0.020466148509985304
-0.021135004560831977
-0.006718277581053121
-0.009456753903175298
-0.003087008158234476
0.014727620535663132
0.035074550367952935
-0.011647905414530976
0.016837030865072516
0.0013571359061182403
-0.0070816227146170705
-0.014393881388109892
0.012720040685129316
0.01267600278091247
-0.006520637553433275
-0.0006089214271583397
0.0017800090496383598
0.023508216736271143
0.0005421865648886592
-0.0023347637069235324
0.0031120558440015035
-0.015034329994203966
0.014723144452134525
-0.010049127218234031
-0.0006396597974188574
0.0019485148197148881
0.0072678308309934965
0.011968719000262619
0.012489442332545068
0.00180936360889402
0.013683073511118676
0.012969329669078888
-0.005367543792435875
-0.0006645432892575299
-0.0003747716136687754
0.0045983511666856155
-0.0025333971406344105
0.024196537959203002
-0.014605132427384294
0.002008530241508292
-0.0005840745792909719
0.0017828044853501475
-0.0027520324380699616
-0.0025521774921646893
-0.002527962149128848
-0.014211210034032648
0.0017397368722271845
-0.004209827319689209
-0.004206814395932208
-0.01562950743858696
-0.0024040677526137345
0.0021158443316126414
0.0025471268858999435
0.012591277840809543
0.001746037855605781
-0.0020619270226888368
-0.0033795098120934573
-0.0118179830597087
0.0032918919177022275
-0.014398649767868704
-0.003369556748125671
-2.4129663843207583e-05
-0.008494299572964346
0.00029809261649459834
-0.012688026809984236
-0.011674947106774382
0.025908911332678992
-0.006565615210419392
-0.011432278480693486
-0.008675587049829467
0.002600856652154056
0.0029723248922629906
0.011968005985186806
-0.01790706754227317
-0.01277774700617822
0.014458379575240942
0.006473826431053062
-0.0053079905083312645
-0.008659174988030293
-0.0033855188659708832
0.01245314478281882
0.0023946973290134106
0.02092625578631549
-0.009525288305419594
0.003154488183973928
-0.00526280873794359
-0.0033858840319982157
0.0026324665191807387
-3.551947623769427e-05
-0.0022697822772143675
0.011163594034230442
0.005590421314374046
0.015503424462876378
-0.0022842192159872494
0.01470434700549546
-0.006181636276110691
-0.009107498603845078
-0.009872297504838265
0.0027219957093568285
-0.015973682899875424
0.03075444988047752
0.0026821435880930583
0.01927936340466704
0.0020572742955740097
-0.021444359893466974
-0.008838590914294179
-0.0033675104012253084
-0.006974312636509839
-0.00329099012377507
-0.01293209761147555
-0.01699198480305019
-0.028598376006273362
-0.005295722363283885
0.003682642413440033
0.011353768007755788
-0.010658578217628101
0.014794690391807959
-0.016925420867262512
-0.0010894630569947704
-0.021448209655648334
-0.012897104998004732
0.003963394842505955
-3.566834374538151e-05
0.01686327767872567
-0.028134469054634265
6.059148335053645e-05
0.003210165795267423
-0.026891770385069486
-0.003519549422249193
-0.013272193262193293
-0.0018173818536203173
-0.006248452319209666
-0.0007094499761409566
-0.00024253970983175558
0.00474472687749608
-0.0003805058508832625
0.016863211705801316
0.004256167081608352
-0.010558673695111683
0.00588893058687857
0.0057395921925836035
0.006268699483077951
0.005975396935562684
0.003778119145529764
-0.012562280083220505
-0.011111587605651512
0.027523954529722075
-0.009197460303067773
0.010547788116400812
0.005435704072697744
0.012479791345512487
0.020606620530865274
0.017775413335031288
-0.019612547055715735
0.01917594393652676
-0.0017678158119437343
0.016356881942448456
0.013108430424065936
0.00385532178900845
-0.0010894630569947704
-0.01662158603240732
0.016661935436429316
0.01705805048897325
0.0036775365665251236
-0.0016525865948479306
0.011227535762826221
-0.0008844337881816608
0.0070737810271277995
0.01703398852067532
0.017491786981758767
0.016883347447227116
0.00037642247671852567
-0.023642507841275563
0.02332926596570469
0.01749791613551511
0.017369808612076716
0.017030914147754837
0.017496598274613
0.005411439314815869
0.017493025357501548
0.01717580915447603
0.016532267077863243
0.0006101903022724073
0.01744863819837676
0.01751419405466363
0.016884467443141312
-0.040594553356685895
-0.006372945807892246
-0.002288239606699169
0.0001285407089519073
0.016918506504970787
0.000629336953314849
-0.0041498975766423325
-0.0016525865948479306
0.019169278488247603
-0.0020606037153439146
0.012856347234339984
-0.009880309003339728
7.208644341006432e-05
-0.00740090548553592
0.0013839566309912397
0.01637308760218221
0.00038427741693078946
-0.003254320435358985
-0.0053217530234786715
-0.0053217530234786715
-0.003845914368830148
-0.00032013284648531445
-0.0016525865948479306
0.010704042422871577
-0.030507809597799758
-0.0016525865948479306
0.00020845554420054118
0.00035990275213489565
-0.0011496222433245481
-0.02877749254333571
0.0005621584415169643
0.01994859457422533
-0.010827037172344168
-0.004330169956539597
0.016374731747914734
-0.0016525865948479306
-0.002141959454258629
0.01694170612552999
0.0009095254468239535
-0.007764892607779526
0.012906240525001014
-0.0006541787410620951
-0.011145631207088618
-0.0011496222433245481
-0.004330329731159105
-0.017249245381231834
0.01224559855942213
-0.0014057599769262674
-0.029247115145012582
-0.016738555496144086
-0.028621631651651762
0.0010385918949878583
-0.009229075937369411
-0.006243652984524353
-4.309103115823632e-05
0.0003549386550689601
-0.002750391448890373
-0.003430273083175422
-0.002288239606699169
0.030527675206283997
-0.031053946706753873
-0.02878170658983338
-0.0033259816286245122
-0.0018141780503920322
0.0006220148896195857
0.029800347168889255
-0.01112224179462602
-0.006232709843780072
0.009204940840707276
0.00046848134825721937
-0.006492347944978654
-0.02329531170351606
-0.0019610976088919726
-0.0003754355913587743
-0.0010894630569947704
-0.02865526173493169
-0.01335556975990139
0.0006214424300516983
-0.00620262423541368
0.016489543554261105
-0.052883523116287315
-0.010858633057517024
-0.029204469511057284
-0.02925033506219232
-0.005589883853148757
-0.007140411208929779
-0.004330181727913373
-2.32491681407842e-05
-0.024319393155036995
-0.021662654103910092
-0.019584844380197884
-0.019447515735182667
-0.012980535621873903
-0.03348981361293801
0.010343057973657388
-0.001994308330198354
0.0026165602964697138
-0.018323365897634857
0.002834255735798584
0.007049250022891161
0.03671196489829103
-0.026458651260497335
0.012252200123680128
-2.3259396576205626e-05
0.01688422241216447
0.00588318419489426
-0.01994678179995642
0.010056357080089767
-0.026337622584401577
-0.020037821029560133
-0.00024253970983175558
0.010290176134156559
-0.002750391448890373
0.0005431201048459998
-0.006249639393332238
-0.0055876381362682725
-0.0031716194642196975
-0.020015533401937624
-0.0249730293443622
-0.0016525865948479306
-0.018536853939772786
-0.018349795221142582
-0.01834919562076656
-0.01834811705787851
-0.0014996637254700584
-0.010447096000225625
0.010155398865626516
-0.021340875790496084
-0.0022882615321773514
-0.0014814313259031602
0.013638056159775057
0.010003588326111855
-0.005321426755671801
-0.0031921050194821834
-0.005321763127259185
0.002347259501074968
-0.003392708370986877
-0.018299729977535886
0.016881767679050984
-0.021455489099530604
0.0070841869026012525
0.004660383880191848
-0.001651937773721286
-0.020122252646517604
-0.008897905758286705
-0.012426507487263963
-0.004303176789181101
-0.003199858484133958
-0.003199858484133958
-0.018798702595713646
-0.010283212293222339
-0.00035956599295204795
0.007084596376132474
-0.011100398478107835
-0.001651937773721286
-0.011106078025962914
-0.007240109180676674
0.007065711072920194
0.012156184226485617
-0.003898289015482995
-0.0034279777004928014
-0.018349727190757507
-0.004310208215471446
-0.008290478937827535
-0.001147519385891994
-0.025592415423492266
0.0008750861420711904
-0.0054248935774657975
0.001412296479129011
-0.0056541190837583475
0.02364694274324277
0.016501675168504773
-0.012766676418707452
0.016576815076891016
-0.0017834069767327303
-0.002135547125179344
-0.005535756005578074
0.0009007200185893335
0.0026201457215444144
0.009691295105422515
0.013246721229725273
-0.005321715456402401
-0.0034279777004928014
-0.0011498412268484614
0.004116327899257195
0.022682134887080735
-0.018821758964961726
-0.022620195912312666
-0.00022284029808173622
-0.025749185286396695
0.002414703214878549
0.0295563290997941
-0.0018887301288119257
0.015296536642511802
-0.025971580179424025
-0.021274752435459128
-0.009831011239841623
0.017924656211026423
-0.00035956599295204795
0.01722257060267424
-0.002970852600217295
0.024132294216323277
0.023482021874233025
0.018020276216633185
-0.0022752160571191987
-0.015035969118414217
-0.0022651177665374334
-0.005321765065663071
-0.0011498100311277601
-0.011297282875425151
0.011986000731835485
-0.011249908568479851
0.011589945505950099
0.007066128445158512
0.011576947850711826
0.005645155203123906
0.030585253818524696
-0.0031289037944754166
-0.006248441771245907
0.011580956857413203
0.02446324989577723
0.02776446192541724
-0.029094893557814284
-0.005321726345790495
0.015673807829924096
0.0195123150543402
-0.0011498100311277601
-0.032410764312373615
-0.01586959645451734
0.008667044316969982
-0.0055898271938151
0.014128613562983654
-0.02304309431880617
0.008091801021387368
0.020549010376320363
0.013497648939087574
0.031613788325234475
-0.00532126155021446
0.013555395311983728
0.0180170192297591
-0.005747678302521576
-0.01586959645451734
-0.00624708162312289
0.03171457772516726
0.03161426199614949
0.005980844405945478
-0.0279472148035909
-0.0016514215789127716
0.014487033426070838
0.004431091145400424
-0.006243506749763245
-0.005466216798197868
0.004431091145400424
-0.015600457001687947
-0.00581437166633762
-0.0361864134146266
-0.0038560116218866155
-0.008730994637370688
-3.877608570584782e-05
-0.015520221391073521
0.008768299043320557
0.00037364248707156926
0.005324822410359027
-0.013990764813678638
-0.006955456780747262
-0.0013978301325225614
-0.0004252416338504952
0.00033691704129800717
-0.001048364238421237
0.006227591035417974
-0.004167099355346601
0.00874117703318755
-0.0010566266885457698
0.0014936878865830217
0.008189726542384073
-0.012848375429584011
0.004850645422826806
-0.0014890115734864445
-0.0039118313481850886
0.0009505252132280677
-0.007620803336886186
-0.005273012538262266
-0.0003893604917061584
-0.004077382639607501
0.0036275882513240767
-0.003172964100051114
0.0003345339142392367
-0.029004745149472357
0.005313705710426474
0.009506782790259611
0.0054153351675978526
0.0003343241918990697
-0.006165601586566475
4.193788920705386e-05
-0.017668801464950697
0.0008336979350606131
-0.0037721538410077624
0.001967089482048113
0.0004709904804630189
-0.012818328766089548
0.001899210778428034
-0.004209560104388017
-4.635685189021282e-05
-0.009792507116947985
-6.873941309559509e-06
0.00038698454855924755
-0.006793425385818019
0.003579690980921568
-0.02280325887110488
0.002177640497164485
-0.005274302951920466
-0.012496895897574318
0.00036952796891339334
-0.012491209751678568
-0.006172686793695804
0.0018721219059947719
-0.001806332373700294
0.0038798165361644574
0.005907977242895471
0.0018962424520699407
-0.005274236380922742
0.002172958121867824
0.0019058327751991983
0.003347333871286323
0.012005809767420252
0.0016722301017765538
0.00038625486774075386
0.005016139723335542
0.002193898420976391
0.0019206140768854361
0.001937778780538487
0.0034188912740743607
0.0036802598444587837
-0.0016747412188576518
0.007354639353216739
-4.857249206292231e-05
0.001894226092760517
-0.0052753551883942375
0.005913047782409272
0.0012618138496042447
-0.0005999315055701627
0.0003343241918990697
-0.0012896092213622921
0.004984148620555602
-0.013888103537142874
-0.016424128514718233
0.0022609434637069488
-0.0034772182855527145
0.010254693449730104
-0.0018362515197376025
0.00193501708347369
-0.0030504283178924285
0.007006848472150623
0.00038624251896773973
0.001852583557359239
0.014669210100967006
0.006081852988816072
-0.0037243717812836473
-0.0010568467643866078
0.021469876904844278
-0.006763318969857605
0.01048953745408278
-0.0016769345003610626
0.018506968344929094
0.0003127371157596338
-0.0005281511578412232
-0.00034766173578149414
0.0003343084910278247
-0.0010565271673228572
-4.639549694012678e-05
0.002540726660757974
0.0003343086054328092
0.0018936726239991528
0.004179222356287477
0.005560993747712468
0.0018985126490837854
0.006433876374869261
0.010885413845896594
0.004966095194857263
-0.0009311864280594087
-0.003569574864419023
-0.005274236380922742
-0.0019019562084405894
-3.026158976721143e-05
0.0003343241918990697
-0.012467993158225787
-0.0011736602011454538
0.015397957832570221
-0.0036853159156358664
-0.016660599837870514
0.00496625143322624
-0.0016899541328434938
0.004490314564955852
-0.02115757631438216
-0.005274256089590569
-0.006793098110064993
-0.00307889961573749
0.0009463329567565192
0.0035408129431717984
0.0003341249410166157
-0.0038081067035683563
-0.004195615044498797
0.0036553834684730966
-3.541553171645228e-05
0.0019369687259599188
0.004858311701612388
0.002056102671295026
0.0036671520085233846
-0.005274236380922742
-0.004036515159182405
-3.846613113503523e-05
0.004187209401152105
-0.012911720926661782
-0.003442105698157669
0.002296569245149915
0.004580462660814541
0.0006260886474596937
0.0006435149093308758
-0.003973370517185092
0.005855968803130892
0.009707892892341403
-0.0062930523376627905
-0.0024095585920164402
0.014700938980765051
-0.002537617748768767
0.0032498633360334853
0.0032263093733603154
0.01427803097190009
0.015535047117640411
0.0032831532105287446
-4.635685189021282e-05
-0.0010400287204155383
-0.01937636418328215
0.0003335087398685363
-0.0023744455684251244
-0.0018523625230018417
0.003343225662843198
0.004580161312926755
0.00189421492547021
0.007301593389564146
0.005368246633577204
0.0003343241918990697
0.00731413957973461
-0.00047158381065091323
0.0019020815009641247
0.0021961210274142246
0.0012956000297298983
0.0003343241918990697
0.003571676121925734
0.001933565637435695
-0.005274243857050056
0.0019288327452399187
0.002451594472022802
0.0020773792604274
0.004093010875677814
-0.0023159592459313103
-0.03070735079083596
0.0041796314692600185
0.0034155751253930906
0.0023211867490279697
0.014006233649917342
0.0019066887891709126
-0.004064323466440063
0.0046185022738039665
0.0019340365350959453
-0.003914834538691502
-8.014775366910094e-05
0.0019769982569099636
-0.012492822298219674
-0.0043640108002249095
0.0022007944127366346
0.004194153968479556
-0.002313015890642733
-0.005316678846098709
0.0003343241918990697
0.0019746682021854387
-0.012495321970412377
0.00033512652440972104
0.0021969578247121877
-0.002330284375288488
0.00033227501485765134
0.023264969611746657
0.0019000541997864473
0.0027736458551547816
0.03199247689996992
0.0003343241918990697
-0.005717961318427895
0.0033110930986299204
-0.0019353371415518335
0.0021532006290222658
-3.02388630811714e-05
0.00037052979660100107
0.004969424395781159
0.007107858574608208
0.0003342832353593665
0.005574597834861118
-0.005274259996705303
-0.0005403062363020562
0.00038695374571488654
0.0003865149601181885
0.009596720542791237
0.0058391671433323696
-0.003415769566686942
0.00038625486774075386
0.010483761849704138
0.004309052592576125
-0.0040089745897799334
-0.0029305600581988707
-0.0010558961552759542
0.0036374027741680674
0.00033534209639183107
-0.008770358464971382
0.003650900751545071
-0.0019353120907279042
0.004158133155893133
-0.006078172023929401
-0.005700542822238245
0.024101319887062763
-0.005398749814889319
0.0003109461014293949
0.0020771636690993223
0.0019936244232065395
0.0025592667392334446
-0.01227484637613253
0.0017456759369314217
0.01566133277634939
-0.005723984641610804
-1.8034186667794446e-05
-0.0010566266885457698
-0.005857771575199739
0.01977630575972313
-0.0005367847563374283
-4.635685189021282e-05
0.005982749678739732
-0.00307889961573749
0.007296207787320296
0.0025468797109899103
-0.0011245139824605397
0.007459818397910567
0.00038633207520477446
0.0003210532433512287
-0.004562722899612818
-0.010497786965634564
-0.0010565304589676737
0.0012629904372820791
0.02032844334810068
0.03148206071905771
0.01437569556746578
-0.012448555774073207
-0.0034393642105225095
-0.0025328813594017396
0.01859941105397913
-0.007140292594315056
-0.0010566266885457698
-0.0015506173879117127
0.006608934597207999
0.005482021507288174
0.014445716597802865
-0.0025328813594017396
-0.005797411258345753
-0.0025328813594017396
-0.008877969229097992
-0.008748665663902715
0.02438232500583023
-0.014278457375817125
0.004971671825760815
-0.0025328813594017396
-0.0025163395035923235
0.02450943113211003
-0.0031261518358289358
-0.002451937979915724
-0.0017019289635222094
0.032690188389335455
-0.003127118785036767
-0.0005372107429317087
-0.00265800158299125
0.002443430688100591
0.024967887551529844
0.008897946526154976
0.02446688692901796
-0.0005381258660739569
2.298088005226862e-05
-0.0019349595089624319
0.012475805005895554
-0.0008646225672085638
0.04395772276969056
-0.001055490872785928
0.03200702154675233
-0.00020014927517655965
-0.0017782988088671657
-0.001778311748663734
-0.0017783135783617189
-0.0010554089018290605
-0.00250067103469088
-0.021152402849240054
0.027523222109467182
0.009035036894665494
0.044704541493961525
-0.02536113338738821
-0.012493105068277216
0.02255578941811533
-0.003349143497926824
0.028592713951768406
0.004986861239447147
-0.0024172375048729963
-0.0005383542613142353
-0.0005383541192710041
-0.003409374673588775
-3.02388630811714e-05
-0.003774455105399913
-0.0010543100569455873
0.004986128892894243
-0.0058124522507062935
-0.005274236380922742
-3.02450699030871e-05
0.03829056573595646
-0.0007041852948404087
0.03690444256128551
-0.005246951412396709
0.04374381857249029
-0.003441235899293767
-0.0018238737416350942
-3.02388630811714e-05
-0.0071649881405544446
0.03854299458477934
-0.0034412080449615656
0.03817936572192045
0.023255106054882044
0.041120319577584406
0.019894677239333355
-0.0006422729543222954
-3.02388630811714e-05
-0.003421882170045859
-0.001554925281792094
-0.00587866544380166
-0.0005575908343808094
-0.014747307462720197
-0.0014648193028736901
0.007090175510140477
0.022169652984722725
-0.0017782988088671657
0.03301229005199946
0.005843430959053841
0.0012512551605698696
0.0026711365531242137
-0.0007167935547819121
0.009782457948015324
-0.001762359005997142
0.010315431440567034
-0.0034308199535205
0.04092435704593797
0.002383739119052454
-0.002850273385931624
-0.0017782988088671657
-0.01652069756807974
-0.0010554831701632406
0.010345393601248535
0.033168628280588475
0.03385860628771213
-0.0058787061761724595
-0.007716661236802812
-6.403793143143633e-05
0.028621522173257044
0.013896743439516345
-0.00929583599046842
-0.0005574608764413454
0.0016554766365998853
-0.0014788051317613188
-3.02388630811714e-05
-0.0017623191467801421
-0.0028531499385916702
-4.6854696958056035e-05
0.014549720830256943
-0.0015021107903028558
-0.0015025221379785614
-0.0017691677354023272
-0.00446922085975212
-0.016508802384261695
-1.801879877340828e-05
0.0463832897925802
0.0008751062484132113
0.03821775285236414
-0.001705490314976528
-0.0017027968739815721
-0.0005572243975131388
-0.003368644897644914
-0.0017023624465168957
0.0030711739206208226
-0.0017153862206438699
-0.012559597856324475
-0.04684858519358119
0.02963315139024224
-0.005831747859931812
-0.03051813590450533
-0.012472099177809616
-0.009517371740249136
0.0010986938848470962
-0.0005572135491270722
-0.001702773794192609
0.01929328153574962
0.007610726047608875
0.02957887085188878
-0.005274253490233885
-0.000541014005707862
-0.003091205672174096
-0.019529364147181993
0.0058522157921687325
0.029286215501173534
0.003911915865024152
0.03200939978015727
-0.02294690147039792
-0.00947608473579262
-0.003380316960226028
-0.01248990864870288
0.046748796193735086
-0.001702773794192609
-0.016133484025660394
0.0024725519135091628
0.027601097290335518
0.003119430833860049
0.019291870404345806
-0.00680329057308063
0.010277298996066326
-0.0005575285054945144
-0.006264586887117168
-0.0010829581107418718
-0.0034283529901975667
-0.018573509475700748
-0.0010857220332444121
0.0058720795924671765
0.029893485489705735
-0.0068030465682885205
-0.0010844494237830897
-0.039785721052547456
-0.0010857220332444121
-0.0010857409583903243
-0.011154100734013447
-0.006783149700583409
-0.02127012689566493
-0.0033805770676982308
0.015492169390738358
0.02154377514998998
-0.0124935816416483
-0.012332677560507118
-0.00769650759544191
0.002760297212028337
-0.0009903505061944367
-0.03977904628467965
0.010647248420663025
-0.006783141551434906
0.0019052036348355806
-0.0027373393900608344
-0.006783154831416781
-0.005274236380922742
-0.001085716093413233
-0.0005573209014661147
-0.009903031831013384
-0.0005037306423058225
0.007876220668234431
-0.0012652715721804561
-0.0009896694293226194
-0.0010681371001271698
0.007876220668234431
-0.000990930822081736
0.021483340039987205
0.021503702733754446
-0.0016791643272427521
-0.0011147684045634833
-0.007062306172273003
-0.007684306309856956
-0.0005580129862470381
0.021475032891156744
-0.004172343447625456
0.018124640719816183
0.0019037933222238448
0.005429785600041222
0.021554464136646734
-0.0011045306020623202
0.016502044548091743
0.022055622015517456
-0.010129519534721016
0.0262245758247002
-0.005208909044067043
0.02445758750213532
0.004500293354845653
-0.011400103929246952
0.02051689671785645
0.021651308471370645
-0.0033799931963112363
0.00815307601696324
-0.01820054057743176
-0.017621315432043018
-0.001566191954635672
-0.002767208720779186
-0.005274279640073655
-0.012465668402727356
0.019774442432189756
0.001897885483856891
-0.0015540279400399126
-0.012492758176848194
-0.00043284143369020934
0.03109303112326606
-0.012249488351825181
0.007971369314518867
-0.0036069373813312697
-0.0019345288908871208
-0.0019350527939069548
-0.001695051544155459
0.008183677977369581
-0.000432405503486361
-0.005277865348790093
-0.007724560952945665
-0.015027428627524462
0.03926836828711986
0.008052748627689546
-0.013176656866199149
-0.0018516156662451333
-0.0028098701520860906
-0.0005580684314180317
0.004808566206533979
-0.0005404895814854705
-0.0023310174572846155
-0.023156410512313548
-0.0019345511773850653
0.0017616241806932716
-0.004711288098708258
0.019510877789543503
-0.013609037283654665
0.00592228734014495
-0.0016959832078147926
0.043436655913234604
0.0027513462233863715
0.0019331728190829349
-0.000991401603650087
0.03377046944403115
-0.022788080350453835
-0.0069766750781141765
0.0019198295426240668
0.008498521279371007
-0.011949292491865545
-0.0011147326323366518
0.0017702411256983023
-0.013757529447018668
-0.020318731823843268
0.007632225265186815
-0.0037380265270435587
-0.01650989671149867
-0.005273133401428648
0.01393595516406601
-1.831835072755316e-05
-0.012489994419967707
0.0004114067692959388
-0.00615038354765272
-1.8349902363032918e-05
0.0027573104657158975
0.03544122942651354
-0.0009747062442234201
0.03548169682771402
0.0138529792844914
0.03397329431773957
0.04785148173709636
-0.039851897536965324
0.006234891210952733
-0.003138855128345274
0.011064346972745684
-0.0008286568266938107
-0.00033558959664889204
0.0020610968265004992
-0.0017881532886323856
-0.002200779280665686
-0.002970625873080751
-0.0019398072458679527
-0.010789696869937998
0.002755550307336588
-0.0039945907351886046
-0.0019317388029713035
-0.0048399733912888356
-0.00524876976186602
-0.004301971212871039
0.002717851589797436
-0.013051795533160647
-0.010514812397432958
-0.0015532375467120323
0.005491026079672734
0.002714595615692481
0.0027055964158731916
-0.00577036345399679
-0.0181739397534562
0.01297703796242266
0.012920077528899444
-0.005248148607643905
0.001381788121708202
-0.022675335716569843
-0.0019373314833182997
-0.013831895045254004
-0.0011281313291546379
0.005171685411484031
0.01781061525703567
-0.03948008838902898
0.0026303065183973413
0.0033257895954322044
0.01679139487658149
-0.009128028087700038
0.017804650211036496
-0.015127699553733942
-0.013079905449665382
-0.03414202786721098
0.003922908814556826
-0.005248172973567986
-0.032530098845124866
-0.03478052942127485
0.011443589664413471
0.018019104016987846
0.017799480757493182
0.06302316150319136
0.0038519327082870724
-0.0032796572025464796
0.021054216213717447
-2.985742733680734e-05
0.028783329111219502
-0.032805522846923355
-0.003103044634170431
0.04071129828966208
-0.0020262305776658977
-0.005248060437188916
0.0026983563073778995
0.003950194529203191
0.002733399243455147
-0.02128747076092161
-0.013225007709353934
-0.001367726233593902
0.0026300469878793014
-0.013414806294290866
0.002626310005360877
-0.011499343226335779
0.00024115546899694344
-0.011354070804010371
0.011442671873898315
-0.0179863131974421
-0.016003599076954984
0.0023015304625103247
-0.008556955725969628
-0.003060372301317528
-0.0005907511167852238
-0.054921093389707284
-0.02547422051945792
-0.0027878746234986478
0.002376513888646872
0.011442671873898315
0.0033257452780002094
0.015444840633072396
-0.0117391198499359
-0.021299869370542398
-0.006192670100813342
-0.019455176062019058
0.007818332598761333
-0.0005858007826486428
-0.0026795089868486286
0.0023737503354678098
0.007104002351364527
0.03726572774468887
-0.008432590695869628
-0.0018594537495914072
0.023212223912186147
0.01167310119897026
-0.049860928471947445
-0.0013797733063112554
-0.0019373253154070552
0.002373661857474205
-0.00041916232013288135
-0.007409115107940789
0.0015728624138610238
-0.030699273126665372
0.020574497680972824
-0.0006597599706003003
0.002532231933147328
-0.014277115986332559
-1.865491403797546e-05
-0.0006240771538914602
0.0022272135132194557
-0.0019726194706560334
-0.01356995669282875
-0.011510754446764032
-0.0019738716731818894
0.00042127823407198383
0.005110553885998281
0.00963726381664044
-0.02545023297266259
-0.0032908898541672647
-0.0032905845629904473
0.01548390498722022
-1.8756308225861827e-05
0.011486404378044717
0.038500514782242624
0.011578563299891471
-0.0013491037293736354
-0.0013491037293736354
-0.017123762532043577
-0.0013491111547635289
0.0040559002768881915
-0.03051523663670804
-0.019989159348749702
0.005110553885998281
-0.016961586617790955
-0.0077062350281558965
0.01148260831501707
0.00799418768073994
-0.0006250448995872883
-0.003240879647919958
-1.873706057315351e-05
-0.01968597248096971
-0.018839508215093767
0.00332910577738659
0.011467756067579358
-0.000872150492512486
0.005122923478193033
-0.0013491095762332712
-0.0013491037293736354
0.019917629558715212
-0.013160910906135082
-0.013043765863790436
0.012976684738381174
-0.012945141605797532
-0.00303709924301299
-0.0129861493611491
-0.013161001178876945
-0.01342080845158973
-0.016200235382410343
-0.01483293765294004
0.0154909909118254
-0.00962050132493054
0.0019636275228609792
0.011209786965036429
0.002601758483595379
0.004849790061446165
0.01476267919625671
-0.008483367236016528
-0.009545883505262918
-0.001621164084729986
-0.0018351416639425205
-0.005248443022806104
-0.03783962174363593
0.006843984523864644
-0.004124563057025177
0.006842159041998165
-0.0012581920407770935
0.009986044549575392
0.0020860552616100082
-0.040052492290791566
0.003971164084721924
-0.003316352001540055
-0.009554684763924067
-0.015346006407403091
0.022664858294865815
-0.0019324361835766528
-0.0033044825974170265
0.003949907630244281
0.014770215280122578
-0.007661470403188655
-0.029666821422183905
0.01779598458990728
-0.008729860577317413
-0.009565383019074147
-0.016514635534060473
-0.009536685821132323
0.0022769894714039247
0.018162164800587056
0.005808808158813732
-0.03403240710131705
-0.007755183622172549
0.005431429715545439
-0.01705738618332572
0.011649743644086757
0.011180695631102126
0.006786622154074305
-0.042485413279403375
-0.009577543757729515
0.04394109661375719
-0.03259229928113484
-0.006391953562990773
-0.016215552525526467
-0.0004239190633155488
0.036755471742844194
-0.013506920357357793
0.013244861724862927
0.0169061930755876
-0.02331225088243737
-0.02845377425080385
-0.0012585604335671528
0.003949890472880202
0.03821034262699809
-0.0008727386662764318
-0.0289616338731621
-0.0008726382104725332
0.020925185868813794
-0.002795830104669049
-0.0019324265863594906
-0.0019323939123066867
-0.028447396533644902
-0.0151879263465164
0.0027905092239807845
-0.028453411451693014
-0.0008727330229114912
0.022034864050975003
-0.019051681602601452
-0.00408097149504852
-0.00495204480218971
-0.015188353946233427
-0.025352057144281025
-0.028414993797124644
-0.01350407541919535
-0.006358509047522339
-0.004081025354625065
0.03170610557227776
-0.005236430366670035
-0.0052751281904949866
0.020083449384763388
-0.004061444446439623
0.01823886031417444
-0.04364475503363745
0.010993928805259586
0.020908026557201417
-0.007378105169339704
0.014836594804925702
0.0002742856535911838
-0.025398768739427327
0.004027762020204708
0.007642005320608244
-0.02844232954683785
-0.025488525095255038
-0.04369094685985045
-0.013501289040561611
0.038912294516192304
-0.0015245185676566236
0.03770992393715732
0.004179271105079285
0.01704129222006356
-0.0011257453119965233
-0.001251714571013412
-0.0003441671944583556
-0.0003779288495135003
-0.012574829193017495
-0.0034529913923561865
-0.014317468698146483
-0.024446894459015756
-0.0009208276650731037
-0.0009213280805600992
-0.014317717023542158
0.018380614705771698
-0.0002142957178008941
-0.0010522264312049258
-0.0032501132541051256
-0.00438442781051173
0.01633220402299903
-0.0008175121087547609
0.01989639615218592
-0.014300223085662662
-0.03022284463894256
-0.00290085884480997
0.02687086970327797
-0.0029243622992577885
0.004251583175253837
-0.0021925601700791384
0.003318160089477926
-0.005424394776474402
0.017031084558276295
0.016362383694696742
-0.01856878164476824
-0.0011793163085810877
-0.0007399580936231582
-0.0011842887971737208
0.016331517690619763
0.004792037899793744
-0.013190682540191219
0.01402922434258649
-0.01584587099992364
0.004973528103092359
-0.004148806772219544
-0.0032973263769101972
-0.014317579832025359
0.0013796815103978876
-0.0033119743424318377
-0.004719903560222366
-0.0033119743424318377
-0.004565273862158261
0.002756433801830128
-0.003302469310919631
-0.012476789033005078
-0.015289276150580726
0.017592638231074487
-0.002999410376329695
-0.04660411610514927
-0.0043985763800460185
-0.015288926350503763
0.011387445460267466
-0.004377822444077558
-0.015289092317655588
-0.0010521930657046434
0.01660758716745171
-0.0026820095800874954
-0.015287682764155403
0.0015684018424220552
-0.015258324115143064
-0.015160806394469841
-0.01679984531017724
-0.0150757241157626
0.029854544960110318
0.009999363947001863
-0.0035716513132665233
0.00419847450163838
0.016338887434332518
-0.0021105698375660474
-0.009326180333357364
-0.003452634694922463
0.001656619769749013
0.005790124379315068
0.022653141691525776
-0.05884916410557793
-0.0037461779681166037
-0.0030261930038285177
0.01633156008058396
-0.0006249935037637486
0.005799757675804903
0.02100949356095748
-0.0023194056002824354
0.0033181483553019423
-0.004384478425378696
-0.0032671552774424847
-0.0006249935037637486
-0.003763406121576458
-0.002876362523992456
-0.0010522086216449668
0.02913302341643836
-0.015274610937722324
-0.003297477788145189
-0.004399407229186165
-0.005410301417646284
-0.007698091731206411
-0.015288612659670523
-0.003210535149668471
-0.006493024492027468
-0.002184650480186793
-0.014875717205676429
-0.015285130818361553
-0.0008712291796384563
-0.0024681690627531426
-0.007241504219832997
-0.002349046153664541
0.015268793994633533
0.007643371424499534
-0.0035716592832656393
-0.0030743361311521443
0.020984574663131823
0.014062322028536332
-0.000817663767935501
0.02154834558591507
-0.046547645607954026
0.002095906393604261
-0.030222754261047265
-0.015287604371377913
-0.0006971640168527651
-0.0009883452782505837
0.011879620478678977
-0.0033119743424318377
-0.0019653165597453975
0.011880366600373686
0.010659910295685738
0.004086257108027623
-0.013286460784767959
-0.015241688592650742
-0.047070765393882975
0.003492508562346967
-0.015288176298382278
-0.0007191014582667082
-0.004240161727778143
-0.005542513314003737
0.04365850049442438
0.04167329685101537
-0.002066041552444349
-0.0056882384819522186
0.03248992495060032
-0.010352915427574558
0.02446351117664847
-0.029063581743343555
-0.020539368356869994
-0.0008712276290512218
0.021842434940786786
0.016730607753008532
-0.04048635338608614
-0.003256150757418341
-0.0017106204695260837
-0.014234458583115494
-0.002387563019383531
-0.0010521994348191722
0.035074363349553495
-0.0037239363870677136
-0.0008710858586394839
-0.014945088606551193
-0.0008716172928914523
-0.015796893334649342
-0.0007158088857601451
0.03243779562679447
0.016577039524313376
-0.006278769321978425
-0.0030254548457021575
-0.03097151072963773
-0.0010519920932755742
0.003977429551787428
0.0033304674247006797
-0.00480039242993209
-0.0019662606159755796
0.018884195766303347
-0.006161886546700338
-0.0016262725625764694
-0.012945237792643803
0.01186393389748957
-0.011777085865739487
0.004147088081427769
-0.00496293180549876
-0.035174357404002286
-0.015783537412872174
0.039944025406636066
-0.00331614055576117
-0.0017355378473302735
-0.006913450502890496
0.03201361332558606
0.004125627771039382
0.0019756300392557193
-1.7919158593392517e-05
0.004116896608187032
-0.0030847201356369587
-0.0016723250154553912
0.01300012430903016
0.009144508280631852
-0.041191934019063424
-0.0021235684974535082
0.03623034360495662
0.005815887191751816
0.01678908067188637
-0.01363793028223873
-0.002201695708520905
-0.00021894258384194204
0.024279238607837223
-0.03779925182947421
0.0499819391343968
-0.001373967377795819
-0.0017722654283778697
-0.033999924441944225
0.00468026737537734
-0.03696757563096963
-0.014122700215874001
-0.009761259619336528
-0.004708378828735765
0.01310114037068897
0.0061096121912521464
-0.0010522412178813384
-0.01277638547905582
-0.030171247147439215
0.0001863239793716013
-0.012402888859378503
-0.000871608725903392
-0.0006250160283132063
-0.0019722762621970746
0.044761441400128735
-0.0022466364784268743
0.01653375489026764
-0.0006956216729669628
-0.009920336048474336
-0.001773742204569182
-0.00129417108058825
0.016482527851937795
0.0008833034622323019
-0.0037122168709596034
0.04480495845065836
-0.015792225008642927
0.02938599561494371
-0.012791094852581512
-0.013639727091503082
0.03827762630083804
-0.0017802882897562323
-0.015597075962975838
-0.001655416826209488
-0.0010606843760942875
-0.014051584451563494
0.02390835750726467
0.01573512218034119
-0.012934649604443665
-0.0178607288503044
-0.015680940653569054
0.019734419643667584
-0.0017304916097348935
0.023211983663019506
0.016479499008762374
-0.0016092640647924342
-0.0015949587302393447
-0.006081203277355487
0.0010524151157653256
-0.001280600459786865
-0.0017683044462973557
-0.0026524410281280617
-0.018146666387072286
-0.0017797952285097942
-0.021832606404042287
-0.01638449579598548
0.0002126703146201944
0.017132188204478472
-1.4949157112335439e-05
0.023909001950247147
-0.000728158395509141
-0.012353015702001455
-0.026736480834289245
-0.007778951919921794
0.02390837795405903
0.03927119730562024
0.0012991790236133993
-0.001721385111815186
-0.02321810781170213
0.005430371879449184
-0.016397435619533766
-0.0012534565177816628
0.010423203196977973
-0.01633955472382152
-0.01299619116335205
-0.004178572087236033
-0.008147457227801315
0.0021212427187239993
0.015735187553234144
0.028876286976924462
0.013438250632896474
-0.010316390089872379
-0.009076953109713154
0.02672325020574374
-0.024633799445933854
-0.002665473223674745
0.005459133209163324
0.0073587279142701655
0.007295567801137645
0.0006905299635439742
0.0008101407254740529
0.0010743579047947365
-0.0007014314897377817
0.005858216071209488
-0.006040098277407095
0.004051122996067389
0.004696061172128731
0.006984847446422958
-0.033244395500519344
-0.033453259562222795
0.011069413420076961
0.015588725999937806
-0.04178748320016763
-0.006040106249952282
0.013796907093997562
-0.0059961477090294925
0.005337783734050775
0.004010169798028468
-0.04476879804229057
0.005840640369173261
-0.01749732326030039
0.016223586027295775
-0.0026366940226237976
0.011077909189347595
0.0069797972165924465
0.008457902260309036
-0.0019075722112890262
-0.018816445967064555
0.004696524724317089
0.00533740166563901
0.005337598129567821
0.013043950618760186
0.001919303557987427
-0.033574732234122176
-0.01440890402517255
-0.02034587710688622
0.024036075810336077
0.004024962243312092
0.02403485053161911
-0.002642877175557521
0.014691851104132276
-0.0025582234185869543
0.004009312476601937
-0.031717342618441544
-0.0026384041223046274
0.01922225955421308
0.02402899335460199
0.0201549187291601
-0.0010518959316079448
-0.002639212772917378
-0.002700922700515283
0.014421585038050251
-0.0026358674614783994
-0.023861919820403574
0.0001278545116114116
0.01066724142527179
0.015733434442824944
0.0434179220338641
-0.023847748388203832
0.014164788074543985
-0.002644400881844209
0.0060691315732852285
0.005337775486812803
0.024101273482723482
0.02571814731035778
-0.0026381105883492534
-0.03453258210644949
-0.002644832554166134
-0.025075123696160825
0.046285704887257494
0.029642103926343057
-0.007388417323749643
-0.0008220902721756122
0.005338329323468625
0.014162808439764838
-0.00264462688282055
-0.025439783745406407
0.03537576454413482
-0.02522747456465122
0.005632976295651194
0.012833044300246059
-0.027283147987871726
-0.0008446560134204912
0.029718041535342056
-0.009933722538163188
0.007212712474845125
0.015555683219162043
0.0005237384920498456
-0.0400389716169425
0.014529223709712958
-0.05169068367737435
-0.0412753628161926
-0.04053669850636167
-0.03948753073764708
-0.04559553471682209
0.0011148145293238274
-0.0008765149469985076
-0.012039945907909397
0.011211530919761608
0.015708493090122164
-0.01174856824490381
-0.01174889741683513
-0.011746874546325035
-0.06532653287104068
-0.001262598723231482
-0.011749829414097102
-0.061820631728956014
-0.0015137864154875474
0.015237814835724547
-0.023770904102773806
0.04955460387637437
0.013870117655190755
0.04698380259753743
-0.06709328378784073
0.012694557908514356
-0.020700690789705403
-0.011743529292094776
-0.004868958424705075
0.007886023994316357
-0.015208335799040053
0.02397596995491377
0.01060390674520716
0.017673386119447097
0.04341307657724304
0.030544838370137127
0.027568045828984106
-0.05319771757657848
0.029154460159055137
0.0031208280704476043
0.012010493630498522
0.00431048599922682
0.0030252890845706526
0.0030250814805422546
0.011061188814254429
-0.008096684790717047
-0.004263910126342868
-0.0010515265351677806
0.0037376335124222923
-0.0010515266273133843
0.002355841152474134
-0.007465525886295169
0.03459670359686316
0.013186835386521083
-0.008127255323152118
-0.0010515266273133843
0.015612423712690957
-0.008323452987848796
0.01810093411066171
-0.06679676091367592
-0.005490243738387387
0.013645406050507508
0.032597698271663034
0.01827658279388155
-0.003820449997223815
-0.0067789086590067365
0.05244158220333142
0.05029634226695294
0.020842784802262006
-0.030902752504384824
-0.004363099269677887
0.04896154049153066
0.05269901063711385
-0.043742686304526206
0.050214551831417105
-0.004355071441921362
0.013615678744582426
0.047165419766050404
-0.0018907300031490283
0.0035936842889624063
-0.019640617522433918
-0.00834702662864671
0.018161940496824177
-0.0038112114668281353
-0.01168754178534171
-0.010267963021413468
-0.004454467418172238
0.007205659501066898
0.007368478750017135
0.006942745514776039
-0.008415450713289233
-0.00628261337000869
0.012759800277226778
-0.004989909768043597
0.01788470684714975
0.014633781672180086
0.0030554870380493275
0.008997263013988897
-0.00517389470693902
-0.010099376823352534
0.039361064831294375
0.007349835865878086
0.015025089200184957
0.009106045848882924
-0.008939848508603528
-3.634739293044763e-05
0.013524610789172593
-0.006189725541127635
-0.013472324543299573
0.014697389587072479
-0.000857372515901369
-0.0007871226180413252
-0.006420509199277652
-0.004363604545669866
0.013617832548194054
-3.972029631211501e-05
-0.041394249328222325
-2.4189037352985666e-05
0.023356124919550744
0.013501380076526664
-0.006292246325475702
-0.021979712551993755
0.013597124151846352
-0.012908842689931387
-0.006278114013565529
-0.006690180415188117
-0.006039995813624867
-0.006698758375544373
0.0006535361725237102
0.013807372115278549
0.014988562390095958
0.013812154211420338
0.0030261576009739033
0.00925043549802586
0.04046193771019385
-0.05378092517879592
-0.006690307479494571
0.054072669791316884
-0.006688857671771525
0.009277154957039355
-0.03640913337144214
-0.04138408223171301
-0.05840155743987788
-0.010981850612053685
-0.018027004468316156
0.03472939198202491
-2.8470368303379382e-05
0.015163868080123025
0.020086851230498293
-0.000265034748135918
-0.0002794562831032561
0.017293685897481995
0.017358427102139157
-0.0015074255092283326
0.007842881800228917
0.05444152425514821
-0.020058212048836368
0.017318283199139098
-0.004593042944940977
0.03729598533829474
0.0038578522488059556
-0.0013155342793180211
0.01732079453362148
-0.0857555534011761
-0.02130929759045253
0.017346128142488117
0.017375896219545585
-0.017161542956243232
-0.003511033087536921
0.013457449231122503
0.00013013935935228234
-0.018182423667937847
-0.009667700839425737
0.01750704187288485
0.002302694074263058
0.01753284238686102
0.01755970582784266
0.021452714236137038
-0.005962121318031303
0.03437211625077047
7.002167926873752e-05
-0.0005987783834470388
0.01331915494170965
0.004571285770184339
0.006342720210048617
0.009228590072061857
0.006402722334701361
-0.003796796065879294
0.03603184707547772
-0.004253283899286532
0.021550438396599977
0.02691850092894375
0.03044587752834796
0.019978628773550704
0.019992637450844616
-0.008578870055210838
-0.010639814475828712
-0.011216873066155524
0.007862175417295551
0.011659016639965547
-0.006467615940034094
-0.01078167195322913
-0.006070875048243964
-0.00579015073758983
-0.008048089729028412
0.023287061478426893
-0.01380763259088864
-0.009717943465390375
-0.012856171806266893
0.007847334367014113
-0.012740941255983913
0.01683871551739062
-0.012271584957420369
0.009513200317834723
-0.005687665078891678
-0.012456714398990881
0.015135609255504417
-0.014369153085370163
-0.03496667296512895
0.006721041707010646
-0.0011263620665385881
0.006721692766576366
0.024888858280149702
0.0025302900459987635
-0.010236168226739928
-2.8586866495205045e-05
0.010147684458550727
-0.008869243843831457
-0.0066730389018894365
-0.03452889138773396
-0.022481927639707265
-0.0012692127257292382
-0.005779137763617265
-0.011497234364442579
-0.003773571728272492
0.0024316766156327802
-0.034667431658215876
-0.0058685302242261084
-0.0059284515666829145
0.0067222861787084535
-0.006675192238013189
0.006727860959378447
-0.0011257943777916385
-0.005776712197883859
-0.0008981767653978486
0.005601744117418368
0.009602779307251022
-0.0012746544452300521
-2.8603415583729424e-05
0.00562644981066874
0.005436147558989527
-0.01008966977873347
0.005451063240259918
0.003277416212710774
0.002531783455141793
-0.0060977595967661126
-0.0037643740495497584
-0.03495972223650894
0.006720645328541381
0.005498393944226317
0.006034295397206609
-0.003538642664154267
0.005502893835698811
-0.011943895682234949
-0.011473527335094273
-0.0012178521196536728
-0.005782624994257248
0.006721044309158745
-0.011371096264946862
-0.011206046890929777
0.013169350888563346
0.00778241946785811
0.013889292369380244
-2.8634207240786842e-05
-0.0006488369494525083
0.01513587042428584
0.0289483248625637
-0.004873022281167008
-0.011769359521359457
-0.0005164175854690514
0.006614931070276931
0.0013762861425492734
0.0008556538393305521
0.0036220042615342034
0.006823729058342561
-0.005054532598236804
0.003595692970916373
5.426085328712281e-07
0.015135588374144783
0.0035547962789761914
0.0033164652207838515
0.003398737585704873
0.0031732181235336757
0.008311604955005977
0.003180684265992541
0.0011757633294157584
0.018662595210920837
0.004896699817875502
-0.004914200415201601
0.008962491451269516
-0.014339915261781508
0.03926953775038543
0.018806517403773995
-0.011626733553616691
0.03270233617580841
0.012142948829982746
-0.004936217219787041
0.020312175946693416
0.0025159281774046844
0.0025399390855882545
-0.011939806547755987
0.018654375207456376
-2.8636349286148105e-05
-0.011940191284076817
0.0032659296931293246
-0.014947942920523155
0.01866181809622583
-0.014680997755333207
0.02320341478891476
0.018966338588766257
0.0031711992496513074
-0.015008552680208143
0.015012830798144118
0.0031585619213955816
-0.011943640619991836
0.0031490081405910536
0.006790300044392028
-0.004987687356852179
0.007879161939180096
-0.01194335062546603
-0.005018166390298143
0.04123127513133448
0.01539906229949494
0.003190124332857811
0.00315065341773586
0.003159507579655449
0.0067163533274311295
0.012345991256280837
-0.015267419503874924
0.008652427934741786
-0.00300517209076876
0.0032146766671881837
-0.0025398055088090444
-0.007059012297231484
0.0031764929021567316
0.03980434621724537
-0.01528447836658215
0.008404794591220255
0.00946196019907089
0.006799170056016637
-0.015290140968166622
-0.011853015934243476
-0.0010519536935275331
-0.006416264315339098
0.006820795976375179
0.007017057040567449
0.007330302627551141
0.0037324658015312215
0.00315623790914172
-0.011943339033696298
0.018663719405300875
0.018661761187148
0.01845296319908241
-0.015059925769810377
0.018661761187148
-0.01499370222057397
0.004179650443058253
-0.02506136502702831
-0.014951067330960553
0.018661761187148
0.018661761187148
-0.004801929133769138
0.003189854124572958
0.018661761187148
0.018155440983066082
-0.03505850112732574
-0.0012873009630527431
0.006716442439713306
0.018153585451646095
0.05146453134594158
-0.0152792430969348
-0.011946149175980718
0.018675032135695904
0.011994392468939444
-0.0030764187198903305
-0.005005301147906953
0.003066007566757978
-0.0006480327452386199
0.004280263235090425
0.015135611700020332
0.007663044700780627
0.018661761187148
-0.011943360849949427
-0.0030717523818290945
-0.014898916029979574
0.0036628327552200184
-0.0050169711243538044
-0.0019367490880500204
-0.00501771890585166
-0.0153022608874808
0.01845294686804839
-0.007221710944724408
0.01845296319908241
0.004263585450514717
-0.015629565345507333
0.003238941712284544
0.018674749192481004
0.04123127513133448
-0.014137385699021756
-0.011312990573222815
-0.005006864768176925
0.018541606007052992
0.007999438814483896
-0.03706897612894618
0.012531564628720418
0.0033406357324311116
-0.017826186068819312
0.004280703749727909
-0.0326072787569674
0.04123127513133448
0.018661980531846988
0.01845296319908241
0.01845296319908241
0.0013280951374984092
0.018466348388303615
0.008239598811529312
0.01845296319908241
-0.01502215111794031
0.018661761187148
0.0031633836980274016
0.008632951131725268
0.01845296319908241
0.018453129949884493
0.018452962523159394
0.003160165641024753
0.01845296319908241
0.012762538194274298
0.015137878941779266
-0.010271476708341424
0.013404421701190931
0.018661761187148
0.018661761187148
0.01845296319908241
0.018675037954545167
0.01845296319908241
0.009171316600844262
-0.00501666676399907
0.018662452515566974
-0.049869511007266554
-0.005018166390298143
0.019964043705246372
0.018661761187148
0.01845296319908241
-0.002577484535866255
0.01845296319908241
0.01845298155169376
0.018663527370915037
0.01627357669433499
-0.0028170083767264003
0.017977993524478268
0.008232931529561983
0.01845296319908241
-0.0024216098833548133
-0.0033358923025358436
-0.015101579673643513
-0.010202492274709872
-0.0050158169200411554
-0.007345589003315956
0.01845296319908241
0.01845296319908241
-0.004991474276514229
0.0184675283964741
0.01845296319908241
0.018674653030474084
0.018465307133464094
0.007848927476858756
0.0184529469902861
-0.011943800340044788
0.00785435187340341
0.018454160302903935
0.01845296319908241
0.018661748818537674
0.018661748818537674
-0.011943788152841507
0.01844705444720709
-0.01436710761738229
0.01845296319908241
0.01845296319908241
0.01845296319908241
0.007516247794801782
0.0186720562174007
0.003454885497011427
0.018452985144462385
0.01845296319908241
0.004246076802039551
0.015135611700020332
0.005750776411978681
0.01845320312106122
0.0067927320674530806
0.0098238198023551
0.018453581428018798
-0.0101295132201963
-0.009974893438015763
0.01845296350044473
0.0033136720701741444
-0.015144479230381872
0.0034844629452395154
-0.01894671007876673
0.04145669450273465
-0.04927188250279416
0.004387974708666621
-0.0025586836468541037
-0.00924978404089581
0.013282984749179596
0.0033780034234135435
-0.014639945449509025
0.018661761187148
0.003399702317982721
-0.011943441002421309
0.0034297548301128445
0.01866188815050999
-2.8625837440443666e-05
-0.014954138903882107
7.546357544014557e-05
0.002008388558857006
0.0037092412325218224
0.003855611036313683
0.0037962634782045066
-0.0018613353718178519
0.003482440829013678
0.00784183674807925
0.0038843142488820363
0.004072667926294099
0.011064709669528983
0.01228661813614152
0.007629517515163008
-0.015165729003019332
0.006980283257925659
-0.012648739737600617
-0.049805547207612384
0.004478613022631547
-0.015173830444645769
0.0034779671269309707
-0.005058983028536825
0.018663733791306154
-0.014457170447271664
0.0034325158984689287
-0.038255033232570165
0.008863387430154909
0.003793869219504678
0.018662595210920837
0.003263684545513028
0.016405561950550464
0.01866212514728225
-0.01982543013822993
-0.0013139994406762348
-0.0014385703198621408
0.04020824603427708
0.002644258676368214
-0.01518441657670236
0.015206106670605825
0.0033669171545921686
0.006670789399789195
0.006770768294419061
0.00341120981684932
0.018670267402824424
-0.008185776452123789
0.018661761187148
-0.015152619989821585
0.0034523396777405755
-0.005016698956107536
-0.00956868865293085
-0.015253942445391045
-0.00998776202978532
-0.0026052365205623956
0.00892441882093507
-0.008563642289345336
0.015135959711373976
0.0033089603825590817
-0.011943308787351968
-0.012643139771421754
-0.0022693478073153714
0.022022624274915775
-0.003037210164649966
0.0038132232019880614
0.0032044701140637164
0.0032430859826440162
-0.015012068099980317
0.0032903423622004943
0.00411976312447162
0.0049104910055544
-0.026454009584198083
0.005618665162564069
0.0034474080643682246
0.004929942142632875
-0.00606358050423101
0.018662161213622422
-0.03673015255099572
0.003407829900841324
-0.01024263812488926
0.0034486411529555594
0.003414047604164005
-0.010233191244825014
-0.0008367514619933859
-0.0050173156457409005
0.004839762412951392
-0.0013695061257949104
0.00973592137153554
0.018661847428395464
0.005257169019802002
0.01845296319908241
-0.011936435358906025
-0.0031172803934513787
0.018661761187148
-0.005016812681303242
0.004571314414669811
-0.0031190719359376457
0.023544598491068096
-0.00011889849678742259
-0.01516750249110217
0.03410286508192296
-0.0067483609718082364
0.005170992491972978
-0.0033997586471420423
0.023586006846077055
-0.0010515367036872266
-0.011943619129886644
-0.025488192661186283
-0.011938856832256201
-0.009593583704219116
-0.009272071854874019
0.00038843755165622406
-0.0013167507909648709
0.010680605891200557
0.018661747257079277
0.018661761187148
-0.011522195583929973
0.0070926238932052426
0.019851093341159764
-0.0031179149337272473
0.0061631992046100965
-0.00676428069757727
0.006737848814213616
0.018661761187148
-0.0346911184761741
0.041236630905706825
-0.0193713308431687
-0.006384035504600762
0.023803802257809387
0.008309977514352375
-0.0022508574914342143
-0.010143459553569482
0.026312786808307745
-0.012569628677593373
-0.028386677141365346
-0.003753505495413195
-0.0049768565950735096
0.0016545692066079571
-0.005017490435486379
0.013756963836511345
0.0054887661341842245
0.015009937238855815
-2.8654144557825576e-05
0.004385663613065369
-0.015169920076078708
0.008894274200120018
0.004450692853069928
0.008958878964023425
-0.01193823246582223
0.004913216459296789
0.013787491335126861
-0.0014026076643919613
0.008894416895473782
0.013310724046280186
0.0087544434914829
0.004353042755930467
-0.0050167466028513
0.014885135599471933
0.004893392010838632
0.004514467741982622
-0.020347060072125674
0.02783708139074187
-0.018923838457879486
0.015581882265588218
0.008894416895473782
0.007024453547992863
0.018758474490076428
0.04125259473087969
-0.011941432304592114
0.0025997811362464566
0.002464917293705146
0.00436742439157892
0.019987828353159546
0.015288307836361589
-0.008498083194221604
0.005751313193758508
-0.008361525019725145
-0.008064981909697346
0.008894416895473782
0.0025878500631887832
-0.00010656849478947549
0.008903086252857248
0.008894361911766275
-0.011943371170443832
-0.0038804366601862283
0.005951338290291545
0.004722052210570177
0.00889508211689288
-0.008265661554537005
0.004389139073511894
0.004565687430259376
0.008894964804418077
-0.0001243498728744677
0.008895020715062313
0.006688341710420701
0.005002154629739614
0.00889440068667768
0.008894416895473782
0.006790313159270438
-0.002576293416604256
0.008894416895473782
-0.0055459968642982155
0.013394628249840446
0.019841594247558884
0.0069363434276764075
0.008894416895473782
0.004367276596188078
0.005244652482697105
-0.00813451855981078
0.0045632287842874725
0.004388026072368152
0.006739561696832894
0.00703907884058563
0.01570358438147406
0.009067825366735071
-0.00497534364633968
0.031118823615610035
0.017929247363677913
0.00889432334729571
0.008894416895473782
-0.03688747603414948
0.008894416895473782
0.004555939292962587
0.004548698799053914
0.014911246927277194
0.008894400564439834
0.00889475168139895
0.008168946395588824
-0.005171972078934334
0.008952819437409859
-2.858382693231775e-05
0.008894416895473782
0.004485694906203744
0.005185928778981817
0.0040527254105534516
0.003995825759725278
0.009966338636521275
0.004350563059070321
-0.0056965794947453794
0.004343449367402994
-0.011828461347565405
-0.01270951841801396
-0.004753263724422514
0.010081134588773596
0.004891941862067181
-0.011238365491141872
-0.0008085862861079078
0.01994398060740368
0.004580332669124378
5.8743015880705784e-05
-0.0008087339596415826
0.0062664543498181955
0.02266010733875612
-0.005011167063272416
0.04953688445374738
-0.004988248889445118
-0.0100795087906912
0.004380337382094544
0.0035366302079726623
0.015135611700020332
0.00677189011892503
-0.009595041806101058
-0.005018103156808042
0.052514261639178314
0.004338718413047613
0.01968001933206929
0.004346420042510179
0.004460949013253007
0.012896333072484178
0.004476167254650464
-0.009432065683788354
0.005282876852874152
-0.0008087339596415826
-0.00850040770412769
-0.0008087339596415826
-0.010141058177835546
0.004482862884243553
-0.007515613838437247
-0.007090182807476737
0.0027939347578904224
-0.0008087583539114374
0.008230162251432624
-0.007524642474425555
0.015135611700020332
0.004362275699378007
0.005106179765234727
0.0024904152425503407
0.008908934752918056
0.004409562047233582
0.004404283433055514
-0.0008087672617629361
0.005324383492116809
-0.012455351903549607
0.015717201795775782
0.014902688684173033
0.010223769739829865
-0.011943008181181904
0.007213196092840789
0.005956120877713136
-0.01089967719362993
-0.01183220009710516
-0.0024382683812598635
0.006880714651892874
-0.025954361831948044
0.019189992518958972
0.0024623093772582817
0.004434502481415943
0.005573545786234785
0.0044303751801171585
0.03267363081070497
0.006100825177908159
0.011143748017565486
-0.001399000295726373
0.018335539428230914
-0.0007935644770864437
0.011001624938393144
0.005017216663306888
0.015135611700020332
-0.009354051767702416
0.005533848026321434
-0.0008087339596415826
0.006793231857229004
0.0040828727496956445
-0.010638699504914672
0.004848631537100455
0.004922357643528589
0.006186672424571549
-0.05011563795731261
-0.009537729911882929
0.010216678045679035
-0.0014500348959154835
-0.02151251685189169
-0.004201485385599267
0.006434582781293474
-0.005731581409753697
0.00858288207550907
0.0031571239266888233
0.0027353120937779244
-0.001988867235990411
0.009637147990518622
0.011258593361302076
-0.005011046418034951
0.012361471318538847
-0.010552710061652237
0.005896469416377767
0.004372219887968819
-0.0008087339596415826
0.005867732508785847
0.00653083724992342
0.006085609201859895
0.016099924734399536
0.01993456336534848
-0.012126492034701264
0.004236020613915636
0.04951826506384476
0.0053680623664977695
0.01488993017502273
-0.0036633751325260153
0.013453245756847181
0.03536722459219386
-0.004976647454924722
0.013380511061095023
-0.03182931264539214
0.002353837183639302
-0.0008087552379886022
0.018800151125956607
-0.00011117079084052072
-2.858382693231775e-05
-0.0147143915364079
-0.01275368345388852
0.014234598190712615
-0.005183853869253747
0.011093859076674204
-0.0025767308141747317
-0.004987669352218616
0.011550699047444777
0.011354668439459764
0.002565645553783336
0.013186505812548724
0.0110700047177971
0.01343049422736593
0.013344085383850502
0.011873622488520016
0.011161883081755765
0.017134297589639264
0.013368961528345364
-0.011941446122174867
0.013179471086992526
-0.00492633940359117
-0.011943529470866103
-0.0014958509785106468
0.01329200088679671
-0.012752073291482549
0.06554197361322298
0.01204022175843412
0.004701852065005072
0.014371779649724924
0.002586502103603138
0.002032313926755391
-0.014465747302028594
0.010876218843197663
-0.0041510823261472676
-0.0008082678666327883
0.0049130147280210075
-0.006751659305138368
0.015704020218918403
0.009874748483033427
0.006233005321933848
0.005352587662872587
0.004717500030962187
0.015086689138770398
0.011423182448418029
-0.01776654702405492
-0.017770309227567647
-0.01906632071389073
0.012014533716472911
-0.005179576124634377
-0.01773866400439199
0.013124233808197381
-0.017768772802101606
-0.028238873543817166
0.011254613968975861
-0.005632587825258109
0.018859738644006648
0.01330843835181398
0.01159245957388957
0.011302322689141392
-0.017769962685019076
-0.03798064239198752
0.0049987217669053485
-0.017770393356790364
0.011242917974544865
0.0003952506655439822
-0.017770401473864432
0.010886617524399513
0.02652078519153121
-0.0008087136427344563
0.0045131299549160345
0.004730746554087044
0.0013789336515718231
0.0051385872767783156
0.008409323405540953
0.015466870213709953
0.015226503808742969
-0.018087450736927493
-0.017447627555479593
0.015000469723372115
-0.0008087478897103182
0.002261755507901438
0.012972601682049759
-0.04994581114684052
-0.007295688988206781
0.00468656951044101
0.0025959592734315627
-0.005007583496020707
-0.017739806196682504
0.002534542679055558
-0.017739020084362473
-0.004384713616601107
0.03623400474256137
0.004579326636779599
0.004945657475049651
-0.017748051085208702
0.06344151507589217
0.0026072878533916046
-0.0013663573747465857
-0.05267523645770759
0.0313345396866828
0.035667383146919994
0.004790991195592632
0.0021426809573291544
-0.071748431668633
0.06778874566058132
-0.028369805440862372
-0.042541194872575384
-0.03319798756574272
0.004167236741063872
-0.050999307703376344
-0.08133807831925174
0.011250750791553101
0.010900339556926823
0.013368847765939421
0.04465099813858459
0.008331861869747102
0.010280590242410001
0.019790918989048834
-0.009634633122081048
-0.0551588759773943
-0.025028844538782354
-0.02155557961514675
-0.03539452925702444
-0.010242426772068753
0.005516902026756234
0.004214476024582169
-0.011121185048103416
-0.049363086181972333
0.005193973777476528
-0.008676015315750884
-0.01508961645677855
-0.013818848870856161
-0.013844952662340825
-0.010598872696045633
-0.0007816436574101964
0.014806185787012786
-0.010948230781323169
-0.011109737287211907
-0.015196921394440822
0.022788712588087574
0.006784055590058548
-0.011082551720507285
-0.04177678646327278
0.018847933304206643
-0.011016123495991773
-0.024286258195409936
-0.024289894785052744
-0.015195741861849315
-0.011082151723853503
-0.015198032874470163
-0.01770524930803396
-0.011063494964397493
-0.0016226000337840002
0.01679276024556852
-0.02070748506063054
-0.01259681199699705
-0.011116102724750467
-0.01112330580314211
0.019801738322687577
-0.028919587348117455
-0.0025047600991396344
-0.01810724055712937
0.016800456104797235
-0.011109360602573481
-0.010720307633531032
-0.010686979508842467
-0.010729207966588914
-0.011185379077538188
-0.005171146648706608
0.016792960931802402
0.06952039441064357
-0.011043454714436197
0.016788360486713002
0.013349160758373347
0.016792596653018542
-0.01812308669653347
-0.020392428708451548
0.02693656933475876
-0.011099294769665187
-0.0025575646621208963
-0.011098676576183505
0.016792749651137917
0.006176748662719289
-0.011007501398818112
0.016792749651137917
-0.01791601927794858
-0.00253310153379901
0.016792749651137917
-0.029474401978803563
0.006505013225285162
-0.011036671839217358
-0.010529773476262255
0.02583049268797742
-0.010864285532158667
-0.010940737663557494
-0.01259903959300648
-0.010998131841510602
-0.011118605613826552
-0.010900198149300133
-0.034931644458312455
-0.013499129619837154
-0.0110165111914449
-0.011107125280751032
-0.01099682916357312
-0.010595268354871947
0.01889603472099158
-0.002444242300991772
-0.0023095798873868363
-0.017835829327210718
-0.01592776121149675
-0.011068125741821243
-0.015197998458656095
-0.011119713269696567
0.04044702014079958
-0.011089510377566874
0.00679702745778274
-0.017901062957199433
-0.011124903684622621
-0.0111200019917535
0.01866499126137511
-0.0035088247630900332
-0.004342674474869247
-0.0025562038580627623
-0.01111068601528728
-0.037107627279043424
-0.021194989879490547
-0.029308784054796956
0.016792749651137917
-0.008757900943846524
-0.013786283014950633
-0.013848774325822906
-0.031779631740641356
-0.004373560628151281
-0.013803080424898518
-0.018106314056361216
0.01889410646213909
-0.021109073124940876
-0.0182166487109899
-0.004039193298875167
-0.017893547335581277
-0.004006574821218247
-0.005171149750436343
-0.004866777318619823
-0.005171142780826186
-0.015724084302838618
-0.017400122584656525
0.040742968388499855
-0.013847544910433591
-0.013820935826032315
-0.021082833072488535
-0.02972974304372149
-0.004397887453610773
-0.018022511489448993
-0.029533381751338475
-0.004342985536411592
-0.013837446923551988
-0.01356283816181645
-0.013829976253311995
-0.0027634395702614183
-0.01823794842155886
-0.0012402147876868174
-0.01384074989583509
-0.00440051133246206
-0.0032361175316830025
-0.013847847945468759
-0.004291141804012179
0.0013535856715746234
-0.004343273301986479
-0.013847466145716658
-0.004402021710205552
-0.018001186772574427
-0.004402315124722243
-0.004359141607041512
-0.004400889088240388
-0.013847714262909308
-0.004010613875024078
-0.011542252388584856
0.015151422969129746
0.007898354504986877
0.0067970216479835265
-0.00439935903804986
-0.004463858713417874
-0.018161620624517892
-0.004396164978874535
-0.013848310278699209
-0.004177148668429454
-0.013813123673015699
-0.004402248788898866
-0.00439309935199756
-0.004401790772438857
-0.01384500721552504
-0.013669069127066762
-0.015263487518115402
-0.0181617227897996
-0.0036954586715191675
-0.01745883361966175
-0.013796101993033714
-0.018152261528614908
-0.013749729728030962
-0.0042621302949499545
-0.017502370289504507
-0.01140801222830023
0.01100306416055069
-0.004385084491907894
-0.004396901142793874
-0.013846600679888531
-0.018170490286652016
0.01883928436107035
-0.01811977099130172
-0.013563403202770751
-0.013675641212390321
-0.014397639438511571
-0.018242050396334197
-0.0013781310601139818
-0.0043962944228507885
-0.004401872644543387
-0.014391641764777351
-0.011544259993594192
0.007180025732586454
-0.015205939993686832
-0.013391036471629644
0.008426971794432707
-0.009455783883434763
-0.01336469495949954
-0.012617944227937035
-9.344623632079853e-05
-0.013566863530460634
-0.01353583597335405
-0.002931508425040339
-0.01222765108855779
-0.014144422787988681
0.018668993696663156
-0.020198871376915114
-0.013343413946054285
-0.0037783842790376247
-0.003175144377540249
-0.011798369378735074
-0.024865389979902074
-0.015024597469455916
-0.011890584642839827
-0.014766504078304795
-0.012907257068807444
-0.014503555858648848
-0.01787656111178915
-0.013807459326271098
-0.013797435021647701
-0.00425752529286604
-0.015466326077561522
-0.017148605511071773
-0.01824312425847569
-0.004399906868307334
-0.0037303766036164616
-0.003728701967277956
-0.004361262757305404
0.0024690968520913073
-0.013838530015944324
-0.005171092793653509
-0.003135663351525946
-0.01343406205313524
-0.002543990510858173
-0.01781424924338228
-0.018904910337645693
-0.012938890800064553
-0.014488804011943503
-0.0148616605133849
-0.0029933308623742317
-0.0018612044832420778
-0.014365543939082345
0.021938254360247305
-0.00439363730740681
-0.017277725191863543
-0.013840969270327904
-0.018089821138930432
-0.01608905020552092
-0.01599642864052296
-0.017969639984993492
-0.01818538095653453
-0.013823604598574039
-0.018042352640564165
-0.013836080950485663
-0.004389683168141518
-0.013847283540896252
-0.021118320933310307
-0.010612451220006841
-0.013830086817855415
-0.013836936138740112
-0.01384510520202132
-0.013844869410640857
-0.013848646558936084
-0.014410289192596676
-0.013843708404792373
-0.01382591863532495
-0.015197831349969439
-0.013839747601283803
-0.013802137360531803
-0.013799039040146765
-0.013845531815539729
-0.013828110347837085
-0.013820702224042306
-0.026751398661549405
-0.013847151139474628
-0.029565153796242444
-0.013846002873252133
-0.01384658824913954
0.006797016798898809
-0.01331903588619521
-0.004354247497208348
-0.013778110474172116
-0.013826283715604714
-0.030350365869632252
-0.011412928267172787
-0.013848530668470364
-0.025744602500566965
-0.02979188672927932
-0.013824599778121234
-0.013823240964258646
-0.014510047203764866
-0.014102671974785886
-0.013361380025191438
0.0067969535674170245
-0.014373854271332285
-0.007160987721350762
-0.005004441990236078
-0.003981362760711933
-0.003331372223356897
-0.01143944183957574
-0.01007801158411315
-0.010064281017865155
-0.013835278637561213
-0.013831646699949912
0.03567297420032702
-0.013818526167721005
-0.013341450438783636
-0.013330010102829616
0.03310700314153088
-0.0002751932261192862
-0.0023863771671841175
0.01884392221907917
0.02230746340399034
-0.014554115257297147
0.008895104564783393
-0.013835638502891049
-0.013842609113931204
-0.013844529748373118
-0.013823617346071565
-0.013834810669517755
-0.013828836617092957
-0.014547430285273876
0.02242187294195924
-0.013821618323305843
0.02238722102931781
-0.013831833838008664
0.008842643144500957
-0.01376250774672383
-0.013712992288492484
-0.013157542628716856
0.026013328222491975
-0.010670283245396345
-0.009236393668322003
-0.0051222350936309426
-0.013501590861860304
-0.014232733980596676
-0.014223752653793784
-0.01605084820119417
-0.014396651307556789
-0.013781069622324458
-0.009336119773013195
-0.013490695306300848
-0.013644255797975362
-0.013805865959998975
0.035539719511735346
-0.014548304464698172
-0.013848533390281378
-0.013848441763955856
0.02203838344818378
-0.013848378276336901
0.02173754213079907
-0.01359599040719815
-0.009502111620310722
-0.011080285946433163
-0.005959374787133454
-0.012835893696913991
-0.014174497087748166
-0.018154530935195545
0.021576090765920104
-0.025362233914790686
-0.013818741385241412
-0.013793245414364058
0.034875089964076386
-0.013836304156180052
-0.03240437942053619
-0.013838439673777413
0.0031367461531877595
-0.025388267639957364
-0.01383821911653591
-0.01150232454740768
-0.013849141324547471
-0.01383064420896072
0.007316622930293719
0.0027682495871395848
-0.013371773561945367
-0.01358669899944572
0.035840750134880146
-0.012339886376302909
-0.01016225599258098
-0.01038614728120857
-0.01052099101098467
-0.01255651773202894
-0.012053396714019605
-0.012040274666024753
-0.011898383976850776
-0.013549047248616655
-0.009063454395005863
-0.012247225157590419
0.006797786052141965
-0.01344433863854611
0.05042332276854711
-0.016179258696249362
-0.014441489483547051
-0.01447710327022589
-0.013683557108967
-0.013761483569690678
-0.03253241710051724
-0.016213740078362866
-0.013547947326224654
-0.013919377430853967
-0.013229396323761852
-3.73622450265684e-05
-0.0014380791870006954
0.03656732129111775
-0.013848527751567712
0.032339896767228156
-0.008625718867190149
-0.008677977282357831
-0.013600126125418248
-0.013849032456360214
-0.005305937667180752
-0.013355637480334576
0.029444328665529294
-0.013836334671539316
-0.021194763507751194
0.022594091536185
-0.013764461489467474
-0.005171360039721364
0.014796484355951657
-0.013836263618968671
-0.011480649451549285
0.011140952163213478
-0.011532235807125299
-0.01383051997854694
0.03976800114728587
0.011073599295559034
0.016879396986116544
-0.013849047509313595
0.010491942884486044
0.022603745088197496
-0.01381642033683648
0.02030029614672084
0.06154027320578631
-0.029512467697270117
-0.011432199126972282
-0.013849207563555713
0.009564305911544422
-0.011341862972778059
-0.0031086606575173644
0.0022986546458549453
0.015294162623988564
-0.01205950063754825
-0.01717995696910871
-0.00031377952602382224
-0.011609246590132788
0.05387757019908734
7.798264040053542e-05
0.019275597346798762
0.01600880925769356
-0.01827709417890425
0.024592895229284803
0.026748452277419798
0.027009940624342844
-0.02176724640331849
0.03693831751262187
0.019909680709700468
0.03305031107535579
0.026071618045852694
0.012138122939901717
0.026610456277159175
0.026651943013610305
0.019319942327518456
0.02569504844413094
0.0031381527617343552
0.025004647315702587
0.024892127929363468
0.025014465184764762
0.012773388620407316
-0.015030841879170607
0.009395376993661773
0.02020911331347911
0.013545684670357152
-0.007589992370299202
-0.013809699222651933
-0.004741119509894134
0.014024332214618677
0.02528739213035076
-0.01382093370350742
0.006609864998320127
-0.013842029608986083
-0.0138375137743661
-0.013817829589037364
-0.013846551049680259
-0.017589801894225914
-0.01299345816578478
-0.029386602482467623
0.012853478830883246
-0.013632578309117753
0.011166238054872175
0.01110537594014683
-0.015288247336208852
0.014320859775904322
-0.015101001664276054
-0.014869205410510566
-0.014411492970111576
-0.011130285534827474
-0.014711056325030364
-0.003310074492928258
-0.0051711174854458105
0.013619722296402827
-0.03574087612277424
0.0008253278250250033
-0.03541241993719312
-3.736726944697702e-05
-0.04759656982354792
-0.04350764367386793
-0.04368553792243732
-0.04259614028510882
0.026898516158604308
-0.030739575947888217
-0.01708018894223741
-0.014401897869364931
-0.01832989490765202
-0.03553371853780926
-0.023706451918873175
-0.030133492273292897
0.01065678288274219
0.08415847970225582
-0.002187917929563829
-0.02960277416045186
-0.020327345596272497
0.00783157584796017
-0.011579046570060111
-0.02143624946895579
-0.023853148213850955
-0.029685602790566038
-0.03670811587359987
0.01513563247194803
-0.03576514993769403
-0.014504820956533462
-0.029425376423011552
-0.02828535170418937
-0.002942540673786759
-0.0297152452911674
-0.029378166970970163
-0.034219203139145414
0.003147548456096627
-0.036144933038697244
-0.028247176262798608
-0.02825841584580192
-0.028914755137251683
-0.02945738047495743
-0.028464493662216837
-0.0014078882741308954
-0.028315241548128405
-0.0066818403834757725
-0.044526997721132874
-0.0265280665217255
0.0859826259816141
-0.02842302806270424
-0.00048187276770228905
-0.035959310612261264
0.0024006538730750315
-0.016976199669979212
0.11112024112358392
-0.008568223514162684
-0.01550351293471574
-0.02866940602711127
-0.035761030318601
0.014901216273544805
-0.006683584858917835
-0.028518775412744734
-0.032930022714293655
-0.02609009347016994
-0.028198677208975866
-0.021021265256708638
-0.0007733708126595052
-0.023549128616259508
-0.0046938479930010695
0.0014177609271007338
-0.031768916514008025
-0.016679549208250825
0.09337429333353749
-0.00775949897080146
-0.03543261989255682
-0.005373533704437295
0.013359119917443632
-0.008709599068885264
-0.028209533707514164
-0.028215750820080415
0.002047726569368151
0.0024051116405413783
-0.02203908338187354
8.512133880004039e-05
-0.0207017174869553
-0.017328372116539224
-0.01732251915000644
-0.012656037722842238
-0.025938664340993393
-0.014676734575952123
0.011021051163407292
0.07751659143507504
-0.015670526382688836
-0.0142338382523215
-0.014764574988416067
-0.017812465659166075
-0.017296998252500643
-0.019432385031772755
-0.004171563759523753
-0.01649141333404486
-0.017301326333563644
-0.001400340884711961
-0.01620221599123199
-0.014392756770949044
-0.004836919950258771
-0.014954567323712916
-0.01519610889224501
-0.018197521172744792
-0.02477828171041466
-0.017213850934858273
-0.017297545553346082
-0.017294175993753894
-0.017305937501053793
0.000906205346780519
-0.016951270309391402
-0.017302628407220043
0.018295453060154176
-0.04447551656413343
-0.0007013097284479862
0.012755479725722442
0.018461143028991888
-0.01730624202626218
-0.017306347856931227
0.010665187876478651
-0.017306069176711455
-0.017306022317142723
0.01778128042171327
-0.026203999871716795
-0.017305879230393766
0.18173800311763583
-0.01730494001608459
0.18243725997526958
-0.018206122604386157
-0.024762826338091345
-0.016771514585535233
0.0002968300481298399
-0.024105238102929794
0.021475129549954786
0.0492906525396768
-0.017306153526048276
-0.017234339455556625
-0.017303262620380375
-0.017291460557371692
-0.014913600375224783
-0.017262754591118964
-0.014620951463353597
-0.04047461723256148
-0.017301411586987683
-0.06191250217353034
-0.0008645913200260349
-0.014889924359479874
0.000915598545624697
-0.01727746921063073
-0.014937770627601528
-0.010610219585487354
-0.03464710246665041
0.02224978273320824
0.010652760507791074
0.12950856767500707
-0.010604790054359187
-0.02265138831065361
-0.046560688941858185
-0.0105646581748696
-0.01921430885098761
-0.01920237214882435
-0.024742507923796377
-0.010846668259014508
-0.001243185779899298
-0.05216068206841968
-0.01637474520847365
-0.01057790019486202
0.00398029332534116
-0.04111230632720277
-0.0066718281287516746
-3.665618683739581e-05
-3.669766786272742e-05
-0.010507217910909986
-0.010378588569317934
-0.010494076621981279
-0.01051609788773107
-0.04122921681289623
-0.006671790927788602
-0.010617316814371485
-0.028424644996092003
0.003987193222771172
-0.010546843500853463
-0.010504516170983509
-0.01779195174453441
-0.010592951783826882
0.003990188581675877
-0.003047597058322172
-0.010619568998405807
-0.015111437813372645
-0.010610637466764845
-0.010598790082453645
-0.05217728886276325
-0.01059334694277544
-0.006871349831213925
0.0071202162120729265
0.13643177698867748
-0.010637037044305341
-0.010894026572382311
-0.010618515894484754
-0.010572265728346745
0.0009061829471293846
-0.004161280024152015
-0.04152790523010645
0.09384099628268402
-0.010575094725695719
-0.01060295286944054
0.0021012658544878704
0.08461329755122532
-0.010618818512629932
0.0017128525515440664
-0.010611601572520106
-0.0034967203251367847
-0.010612204515200905
-0.010606837246875176
-0.009772850447239715
-0.00962840406564363
-0.05207454753485154
-0.01058120294608496
-0.021433858995479838
-0.010619338815023307
0.0017545501457997708
-0.010486871189520361
-0.05213206178385678
-0.010621022748218752
-0.041547568461655596
-0.010617467581605521
-0.010616079340747046
-0.010582589495361167
-0.008074229514516888
-0.04161584412504742
0.10251522207389938
0.01413838035748034
-0.00657259914890248
-0.010547925334813127
-0.010584425465994113
-0.010588848110182007
-0.024355616127616015
-0.010602397429266122
-0.0424494461430387
-0.03563060533042334
0.0024316994691804153
0.007095882999964391
-0.010619693580654144
-0.0062442988292309735
-0.055491743279384734
0.0009118499488327411
-0.03828123738870126
-0.010618961981224584
0.013355286683972283
-0.023470022485408016
0.0071821248935808844
-0.01740996642422011
-0.022127598302840862
0.01641516244863685
-0.010604839375636093
-0.04805846065367123
-0.01059469843949618
-0.03796913961827818
-0.0066718233855847945
0.006935827643620422
-0.04871488263822111
-0.03838221531729801
-0.03701515851631943
-0.010617233982255968
-0.016173784102292033
0.008242931374671796
-0.01573456126931394
-0.03846995888060426
-0.010604062412338293
-0.018573174180083307
0.015226524580670652
0.006935678080584118
-0.015687195216069944
-0.027243375345738747
-0.010606405053892454
0.007095147501769863
-0.006671919701804232
-0.03767498939270814
-0.03186193938113908
0.11758719599022022
0.00398502501376666
0.027327460635844413
0.017269605644148648
-0.03563076366627577
-0.0008645705980306989
-0.004428037456002502
0.11852718197143425
0.01869717453560225
-0.004428354691256937
-0.03842837546221702
-0.026017555597214186
-0.037382115240331346
-0.03832343873616343
-0.03782192521864437
0.041263001343827425
-0.024664425675528068
-0.03843321475800159
-0.011236182600028842
-0.035623269850413884
-0.038348027336077194
-0.03391791111473172
-0.015117483079506909
-0.03836060937023751
0.017739990033756113
-0.03817274318460402
0.017791086470012603
0.056301577943008906
0.0017420966154845336
-0.010604694129178744
0.11619258227568552
-0.018919994439487445
0.017524198016638567
-0.0008644489132438511
-0.023447633779958777
0.017653514279404172
-0.026762771579597357
0.003983028900806132
-0.029511691523333328
0.05575045887687568
-0.0066718048210255045
0.017059786532511795
0.017078785432196857
-0.03563076366627577
0.0017128525515440664
0.0009077614506113536
-0.0384801218867659
-0.034475087476558475
-0.007992228429015709
0.05845733580798445
0.05630128716191415
-0.010621166585103812
0.01743182982987909
0.02428830721306367
-0.004292913980922086
-0.02340530727973769
-0.026602559073237008
0.014820903959417585
0.12056816849695233
-0.016687193790081583
-0.011023337745935587
0.0167080084233709
-0.015084319552399783
-0.0044283643818494485
-0.0515731791027143
-0.03847578626612698
0.057870241476478554
-0.013710960782975607
-0.036146093098314104
0.054030403478161904
0.01678406134662711
-0.038470790156031824
-0.03846507274881846
0.0951750861834343
-0.01783182213775494
-0.028265351742052386
-0.03563076366627577
-0.03563005859462162
0.056176954337720644
-0.03814215536861299
-0.04489349295361991
0.02022817535705227
-0.03847134921202516
-0.03845434776155627
0.0009386722833706837
0.05618825432388745
0.057684978065926616
-0.016673829722199558
0.009513664179020323
-0.03563071449869064
0.03651476360051173
-0.03824213377389015
-0.025915670823906566
0.01770519919420936
-0.006671886969506432
-0.042461179882766646
0.023176076371376315
-0.04154651575054794
-0.01058657791177561
-0.0006225831349128277
-0.03563076366627577
-0.037947542983734955
-0.010620134231751687
-0.04792028749312669
-0.04806406424736792
-0.035627435426066896
-0.04887172457555386
-0.03848245868541538
-0.03846552905597296
-0.04844973017040767
-3.029319180419106e-05
0.007831894846701581
-0.010588568664166773
-0.011324873335174623
-0.04238775815933145
-0.010567091393686445
-0.03837425196633914
-0.07375476387169311
-0.04244842199411146
0.07392606995079504
-0.010592299835658204
0.04571212219569312
-0.013793803842432645
-0.01511736677913182
-0.06537569049531831
0.02052382285766239
-0.024627330913890653
-0.010620736959015449
0.0039803185113115045
0.045398552238352353
0.04228549512121255
-0.01047408533093089
-0.0002556272077799913
-0.02364902815859888
0.003980606397616896
-0.024420738983495616
0.07016183181795906
-0.028316208533737987
-0.02835477033766451
0.06993002300674596
-0.017625080592625502
0.04234993013097766
0.04103583348894882
-0.010504744537363345
-0.028253935909927377
-0.0004453767069960453
-0.017823994694922206
0.04757631659047486
-0.015114091981584307
0.053576179022494654
0.09388474700575213
-0.0066717949837803575
0.05420583435852161
0.00019198610217107274
0.04565633052308282
0.045776766557871953
-0.027307381536616854
0.07416465089259078
-0.028362576068265196
-0.027644037081204016
0.046100853692806955
-3.668077669682572e-05
0.04572796605714343
0.04615645169625523
0.07343296481471523
0.05750102209094147
-0.051347586526723776
-0.03983141200022852
0.03335217985034949
0.01732022744538044
-0.0014396432396201074
0.0001643195611936096
0.03904465481245354
0.0008455920757797895
0.0541694849519658
-0.0004400818756577317
-0.10458314824989476
0.1056024629738728
-0.04176085384687395
-0.0003401206855843906
-0.049853456431548406
-0.0013940992746050399
-7.539984957397468e-05
-0.053981190736055416
0.0015957669423295163
0.0008725267468461844
-0.0010288885524136506
0.012201245763992848
-0.00044589407974243744
-0.0004479896097540704
-0.04811097169672888
-0.0004475810391702641
-0.010289691010716716
-0.00044701345932063655
-0.00044758870292704487
-0.0004475966612996386
-0.0004245392146320976
-0.00034777202015866715
-0.0004249900662757031
-0.0004424207127611724
-0.0008292588395025862
-0.010594340119962372
0.054083931243736304
-0.040279046878009137
-0.0034949947340107363
0.00478988559249665
0.13102573807620926
-0.08051961710548253
-0.07746646174541212
-0.00042089826888823823
0.13105280690407872
0.08131475095749986
-0.0006513714754447058
-0.0004449178349099569
-0.0004440736483377252
-0.010155798860194411
-0.0004402681207346925
0.003840767784644664
-0.00041030172732901463
-0.00043837795934016134
0.0005145146066397601
0.0005464391552236791
-0.00041176710634020363
-0.000434422164089942
-0.00021823530162315606
-0.07387576172450339
-0.006667171109379072
0.0023715370013450985
0.002851860459428094
0.002161494345597261
-0.02472355421193435
0.002484373865607137
0.07121467630584763
-0.0034975995326222966
0.026184650834829667
0.1071111840009118
0.12818277686499263
0.009684345660892596
0.004056296775649811
-0.0002963980789602424
-0.0004418347686722405
-0.0004384223994292159
-0.0004315573008514154
0.00027898770384011766
0.00015398980287459053
-0.04424778674939322
0.017961194075859912
-0.007015688326688837
-0.003501401828156158
0.00017189529737183474
0.0009620295341819941
-0.0004464432308466232
-0.00039697275538829135
0.07038309756062314
-0.0002708472232481194
0.00012188001590066821
-0.0004478527298549059
-0.0001325218590830773
0.08055384404503217
-0.00044641495923159065
-0.0002655591814589357
0.00032334829052141443
-0.00041066636875303317
-0.020452939483060366
-0.006642531843757595
0.0007449123304733437
-0.035886748029228796
-0.00036624889777976547
0.18985018102881385
0.001150009606979442
-0.00042659060870939796
-0.0001155842573555388
-0.0003676077195283658
0.10726095479429873
-0.03973934063473718
-0.035631226090855714
-0.07977729097921399
-0.005029305226405665
-0.05009937948119992
-0.001580184297473087
0.003501706094254566
-0.004550437241268171
-0.0007768942883855365
-0.015510884684418908
-0.019888641116840335
0.005868843213770771
-0.012945684871710836
0.006207229190730782
0.0024078169103573335
-0.00030170592578067536
0.13371340315900224
0.0006102277821834179
-0.0066716428764855
0.01608059695608188
0.08276865023551946
0.0926856903806521
0.002056401061671104
0.0023950825045275567
-0.024584870391159627
-0.011130281399504206
-0.0004245379797850314
-0.0021752659898320744
-0.002096038990885093
-0.0021132893330885675
0.033230782522631994
-0.00834697188222976
-0.015094324933165358
-0.002109764190749766
-0.004428354691256937
-0.0020665771837219803
-0.15759100043871913
-0.008440525454758768
-0.0021213747328586627
-0.0021224197056726843
-0.0018968905494730686
-0.0018643595363713249
-0.001796664515683316
0.1970959475813985
-0.0021188829938145128
-0.028376107203771792
-0.0021095919059505672
-0.03736402050259631
-0.0003376937967925882
-0.030110033537443754
-0.006930083830993126
-0.05800795403539886
-0.0034974772177910718
-0.002122401026500499
-0.02990588543665178
-0.03287636806493724
0.05873650416387971
0.020664466762676255
-0.05989070694655731
-0.008346990862055583
0.0023179340742822043
-0.006589626621391228
0.010647329124389007
0.034778508426797486
-0.025734879429405246
-0.006372479603613509
-0.046852402810118945
0.040115678074013644
0.04069574168686529
0.002305647812207968
0.054188800823215075
-0.0005229383976630273
0.07500076323052562
-0.04479175987167593
0.09621774725271728
0.04656937702445208
-0.02311763450746473
-0.006783734038804708
-0.046810579301323714
0.00224424733175725
0.05593092156525934
0.15677848499529523
0.053399943440941594
-0.003497492773731413
0.03266817384859583
0.05164751374191524
-0.046782846521636695
0.08985513208331883
-0.006374954479758835
-0.00208314156089037
0.0022432442247156607
0.053300895397884955
0.05383758319068695
-0.008488324096828596
0.1958519950053623
-0.002082326443199997
0.009748078841458473
-0.009386950801521984
0.031914323819584124
-0.030190843634180283
-0.043770814332044564
0.03989108105520353
0.03417356192200859
-0.0004695134490116287
0.0059689188976859925
-0.027002275875072396
-0.02939696136544574
0.03277644018270734
0.01930561305061973
-0.0219005875452455
-0.019422324058901787
-0.026597929280086995
0.05387433524871392
0.03048811671928983
0.010621929978426661
0.016920286203147793
-0.009000280830010473
-0.015999156676151274
0.006498649150636136
0.005727974273441324
0.059987252835976605
-0.06424937596085092
0.05218600159133813
-0.04017733368934814
-0.016480797078003456
-0.025593414741017395
0.013099461250451269
-0.046475832547008385
-0.05222824849251076
0.04436756415283348
0.06388411758351821
0.26131348471671173
-0.034804902118181255
-0.04727474225514574
0.002244001517995038
0.009442366943619171
0.054002652234681536
0.04335147909386736
0.05187353128269133
0.051919871975197394
-0.046812607920694985
0.053562031651265385
0.053394803335772754
-0.02576430549492768
-0.007294473685890393
0.05610302505374506
0.002243742374247189
-0.04690097286270369
0.002257116506938467
0.05325682149467008
-0.023753067009945575
-0.04060026583745374
-0.0468649893286245
0.05327034662489767
0.002243605934037369
-0.0044283643818494485
0.05339810566330842
-0.004428042433104639
0.05372512246604363
-0.001895390669350453
-0.046049802710858824
-0.006802845386385238
-0.04879304529633055
0.1175323645443666
-0.014911095761835497
-0.04063807881872265
0.08159256163020467
-0.02681868111175246
0.004412782615908282
0.005683376815184611
-0.045591327583659205
-0.03951375880053543
0.029732304724754244
-0.004100842845479743
-0.007827276045870215
0.0022458850013249688
0.01133155706281644
-0.014300561656042205
-0.025815651118333956
-0.0445315603492106
0.0022898265762730536
0.0004124027604711878
0.004870592833433624
0.002373997711358823
-0.0018420447863386484
-0.03980694453019243
0.05327796900434284
-0.0034974772177910718
-0.0414995172350643
-0.02352053729812528
-0.0034973737832625896
-0.007135678468931555
-0.0034266854733791124
-0.016159566161166615
0.0629558908255916
-0.00844036993520169
0.07497401611240584
-0.0022711712434950373
-0.053938348714915624
-0.0019010254274539568
0.16283128543801562
0.06925385537596333
0.038137158934452645
-0.05432856736595897
-0.0014063683713058629
-0.003087501808405894
0.09404122045643333
-0.025451106147281417
-0.04017993960936666
0.09468545889284068
-0.04030963494643685
0.013393845437578763
0.0033322751868006765
-0.001166658198590874
-0.034079587050735605
-0.020730655439375488
0.06946122975822791
-0.038568270100635405
-0.00112608271130525
-0.022355391271038475
-0.013706027437799263
0.10882557338048728
-0.03522482662595326
-0.007611740475816249
-0.0004351820308794446
0.015545353382483036
0.2327748791327603
-0.055623521087509016
-0.07917152502339311
0.3183477623319336
0.01030204494281088
0.013408132303270945
0.09412717734197718
0.009524626091777011
-0.08403279798828149
-0.015577671753144784
-0.018996387652000936
-0.03712783626496505
0.009869496639809325
0.0004491048548499899
-0.0015604768901181644
-0.008586660544059922
-0.04444876301350976
-0.023956725752609806
0.009515391276505724
0.07856878603416012
-0.008031670265743166
-0.039405721978174234
-0.020548660970401502
-0.043612434451277174
0.014374066103462972
-0.004573662090515385
-0.038343227022292925
0.00956458457689907
0.0008473460693018581
-0.024228317452476323
-0.003334082437102725
0.004186027106666216
0.0027232818687972474
0.009594638589553423
-0.014286742858999097
-0.01713906150860731
0.002950869606493381
-0.0009091176378619695
-0.0025157902774175425
0.009962781388749406
0.0018013485480452987
0.001328469471905143
0.06242993361349513
-0.013071090992067247
0.06085214589364937
0.010841080795183883
0.037358456327868876
0.014933470678196661
0.024751190507755278
0.026913683768290002
0.014933470678196661
-0.015372422024857862
0.011016612264955499
0.037358456327868876
-0.00017553146977170898
0.037358456327868876
0.016178548616874667
0.03753398779764028
0.010841080795183883
0.048009613138495846
0.02651737553268495
0.011016612264955499
-0.012944826165770378
-0.0013936736981659944
0.05336442580461146
-0.017505466325456253
-0.00017553146977170898
-0.029298906252416507
0.022492853626877043
0.036414217926778826
0.038006014795848676
-0.062002296535265865
0.02825586220294608
0.018270619831562078
-0.01945106721027886
-0.09845233493240188
-0.028343499382231366
-0.002951087020110438
0.09984192177851532
0.07151028150797271
-0.031280900615033594
0.01380188916751618
-0.01945106721027886
0.08306428259935761
-0.017553186898859145
0.004582883911359355
-0.019191107665126547
-0.0029488295493651164
-0.03129232893159639
0.006540724848446088
-0.0029488295493651164
-0.0029488295493651164
-0.002470368019105871
-0.007942106228178548
-0.008237497734290963
-0.0069879737822631
-0.0179671586230014
-0.0026619135284681548
0.0890938620504575
-0.01507616866214066
0.0028749360873124023
0.009789508762531561
-0.015629970906702775
0.02499344699276103
0.0006132970020329335
0.011590518201746945
-0.0050422054469952855
0.009568508956700108
0.021254296308604356
0.025444703200939046
-0.032897095732485254
0.02647264737749797
-0.012339819065269032
-0.009357826175305402
0.045865195152165604
-0.03177719347264029
0.05525378379165438
-0.030051023056587377
0.07444152117710995
-0.033603497854781006
0.01782852066820195
-0.01550335024938922
-0.011847843343710241
0.04970713399504757
-0.00010648552275943248
-0.013494874362837524
0.005352650656127234
0.08405447657155811
0.006210829095986598
-0.011732720698191649
-0.01222785949262458
-0.012690336744541897
0.01325288529395539
0.065328414637502
0.06581674688792874
0.01300372564338821
-0.015032481727913709
-0.010595361533907995
-0.008683467712959966
0.02707126526438435
-0.029087627863256794
-0.01056986531913905
0.02571294694796284
0.006442369032409516
0.07606939402997631
-0.015453970381198688
-0.027484300945091758
0.057143499525301435
-0.03727985815249852
0.012989837615902326
-0.0031637486648106814
-0.021362429730480793
-0.013790418196601406
-0.013755625837922284
0.024488725286105496
-0.010113053416585001
-0.013369311457682323
0.04006678668053447
0.031020230661215804
-0.024175855632996113
0.00928705078051487
-0.0398851371495887
-0.02350532909639735
-0.01728709140271165
0.027313754687333887
0.05013316805319618
0.03994987203260348
-0.017230782677468838
-0.018097094305639064
-0.018254456574454552
-0.025873312906114814
0.00424597929557299
-0.008364127205368258
-0.024802008799095335
-0.03307003988938489
-0.032823981303050476
0.029591225043159027
0.04058726171540083
0.02490628855284607
-0.019819461267522917
-0.004370870458222432
-0.025083649355083972
0.00021762147632852958
-0.03204055166430705
0.03935170155352851
0.009324997621644513
0.01299424829346333
0.012986727437088645
-0.02442194774736487
-0.02442521290781046
-0.020486796844672382
-0.02496825227115992
-0.02202608819034362
-0.022133930361548555
0.005660713073976421
-0.02323906624741327
0.02591681932563977
-0.023685726925198367
-0.01855670386302405
-0.015467075444855738
-0.023655729986258374
-0.025294144486219756
-0.024059111436808223
0.03928690467211246
0.0393045104846092
0.004003607526347224
-0.010470652927398667
-0.019600473306624896
0.01705531761070224
-0.03634813098747399
0.013109778823236438
0.010256656656018753
-0.01680808158490546
0.0032560993555398538
-0.037063583436671065
-0.038463630556803546
0.05854692178462137
-0.024703879764661634
-0.06027711080004104
-0.03960415615815247
-0.039911393971654226
-0.005804213098504547
-0.015500407574177645
-0.015504350500316826
0.0055940029030207995
-0.024427353477101593
-0.01550268496482858
-0.0012064041627966014
-0.042339950119502076
-0.024374393557746052
-0.0244168661856352
0.005593319714877347
-0.024147736570708372
-0.02159777951882723
0.06995601032934909
-0.002635929686865391
-0.01537307475143772
-0.023996326547325034
0.005586521765187979
0.04956171933665143
0.024761591948703688
0.03928619607303543
0.058168086151074445
-0.035370094608795415
0.005596468379773824
-0.009750454440803738
0.05411439682107996
0.04082376079330222
0.03928632545726881
-0.013977438125383872
-0.02657382322142512
-0.015504798221660926
-0.01550369720234468
-0.024396430503966737
0.05859920760461073
0.005564770330800133
-0.024425071102927166
-0.024423630469877444
-0.01550183191652897
0.010135787836013063
-0.02569277871704076
-0.02423167020735829
-0.0058814619979800625
-0.005774225808618404
0.024957865689932097
0.03928598602577894
-0.015502387734311151
-0.004549560918694893
-0.027547661317780987
-0.015491288256544307
-0.0009769313652199544
-0.015411778293606522
-0.02346306665598605
-0.015517505487768375
-0.02354633218112842
-0.005160263469066742
-0.015518465471031504
0.02483534608207641
0.016419641089685657
0.040822972749547125
-0.024275132260033246
0.022246609591680275
0.02476693186195478
-0.024383755180335955
-0.024341624187727756
-0.014322953532785154
-0.015512991534453627
-0.013954645376109532
-0.02441519037467841
-0.02441591637493583
-0.021705242847592794
-0.016042365720424393
-0.02354306632678016
-0.011647495396142966
0.013328155858890012
-0.00039565234041190496
-0.013196948476315645
0.02502415469938728
-0.01334478237261669
-0.02431864992651386
0.0067286058922204585
0.00237266008981338
-0.004285291036205837
0.008922375787589606
0.008905746015492455
0.048285499602194464
-0.005637269275734884
-0.015257733168546374
0.05855021544800344
0.036086483674632165
0.0350670943436047
0.039307148176733676
-0.011096367507362578
-0.011070384133450432
0.04080402055720162
-0.013984390336171748
-0.0031986666057058286
0.028790742474586774
-0.013998851355437436
0.02475530767694135
-0.01400091861358882
0.02475513682399309
0.024755410456489026
0.00026511975832233176
-0.023975484236082777
0.0436092718055306
0.009325803851975411
0.04003445418428428
0.024528161161564473
-0.015518334621731423
0.026054657010987897
0.04116326131284679
0.025017640010550884
-0.04027985255965047
0.04017375300470986
-0.004541872973307099
-0.015518251534388653
0.02479604169909067
-0.04625511587371881
0.012985641756892303
-0.013946192861750637
-0.01399005562665086
0.03928826244907612
-0.002545678331249502
-0.02387137557206465
0.035816730673685016
0.05614999842118934
-0.021060463250149465
-0.03236714754780638
0.007656858598026504
-0.003434315626340417
0.012771045155388022
0.06681177689711301
-0.031494858054582804
-0.007273600403031259
-0.014523094491720921
0.10477784141168253
0.013500803051112767
-0.007363629155819384
0.023761496810037645
0.012063103674397063
-0.009073192488842904
-0.03299958143023572
-0.020161007034753785
-0.012218126609282542
0.004065289012456594
-0.033878268573481
-0.02285167158759923
-0.002293741060253152
0.015392329026460743
0.055984286102896644
-0.0051154405180199895
0.01304546307296365
0.06828498373402683
-0.0236666505944891
-0.0007612874246879609
0.0063169027012271225
0.024360542761039317
0.028340081588189125
0.013038886611998902
-0.03767426601289957
0.03632431373398979
-0.013811846187309669
0.021409312266985087
-0.03467887748338621
0.02475476436877493
0.03329305137166496
0.04658682756135734
-0.014090579510747684
-0.024352436010444987
-0.024436360789197833
-0.004724343563828432
0.038308501817916174
0.013967479160962132
0.0363306526064621
0.01680762471372243
0.06415332719663379
0.012289489757799883
0.0543834063109914
0.029990040671321206
0.007907986792596002
0.017726215643003602
-0.0026663714213509752
0.009129541123624477
0.010311047218236358
0.018140995278802592
-0.0035096628203105055
0.004930498710736243
0.010380260455484467
0.016322390099114372
0.06959184309964285
-0.03580040225775091
0.03340911319012324
0.04401848669859921
-0.03695483946736784
-0.023954990375473138
-0.026857038425836557
-0.02309138965311584
0.0387850426219176
0.023783491550441998
-0.025595864070164103
0.02426908051099825
0.023881197448502242
-0.0244133853806722
0.024868447971655824
0.024116455409763215
0.024147922521368055
-0.001701418279047519
-0.015506298728120645
-0.02418264180048789
0.02437408403237136
-0.026458978058019448
0.02478659279944218
0.020078069349767115
0.005568050055748223
0.024149364285228504
-0.0037295130563647708
-0.0032345131957258024
0.025098360939152235
0.025516973048034602
0.02379536478359818
0.024213670696708593
0.018572751060764673
0.014181918503200663
0.012986296869180963
0.024758541616705033
0.04197733837733865
0.02477205144900627
0.06365830702927892
0.039672256719231296
0.0245166008389309
0.024873191757315397
-0.00075338341597004
0.024235916371429158
-0.01924956510492892
0.024305016280897342
0.02824212961477291
0.02461144241032218
0.02715527661633476
0.0012390550592164427
0.012993970558736242
0.049547150358605775
0.009305699211196361
0.01359413244124991
0.0011797439891767826
0.012987946787929198
-0.02766791048552369
-0.02435814632924673
0.04105670412776208
-0.0007442294772918876
0.027544255381995168
0.03426450783026597
0.0482265494451638
-0.0040949377129948315
-0.01927730647402289
-0.024378966072752986
0.02381514494407869
0.04862688158201594
0.025650251709523692
0.009837072768533609
0.0038984130523681453
0.010857764988884508
-0.02866136640253576
0.030988243017559317
-0.057892405005061785
0.0025837699799269556
-0.002799191611185561
0.01860440581135217
-0.02564118336864964
-0.01164377176704156
-0.012540059506497815
0.007551886942270538
-0.02439109420745587
0.03328581100236609
0.02897809841270464
0.0005726909221965474
0.05983872996780297
-0.0010521616845862924
-0.0011013078195692366
-0.024418244449058695
0.011752111377424714
0.03989682555222636
0.0008083922547203946
0.02309136422485939
0.025903078672209458
0.013766656673973266
0.014585137181676677
-0.015696376796371304
-0.004220603527156021
0.02501809763866548
-0.012708031886622145
-0.035116877223450416
-0.024366035257507745
0.009302641985813745
-0.024143971468699593
0.005626647460868366
-0.027376149825914745
-0.02393001741168636
-0.008327116739993331
-0.004007671401016138
-0.006099211997625703
-0.012417446243333593
-0.032510760266559614
-0.02275801189073571
-0.02282178148222175
0.01307777636584464
0.02169546885508144
-0.019011577469762255
-0.00407409670615254
0.005017183142112389
0.002515306269022518
0.006456790337440393
0.0033706948294561965
0.0059367747126308976
0.006014216864681376
-0.015004409707014017
-0.0123411067901264
0.01243564744943352
0.000413799346756042
0.017683176904765664
0.009348994736903704
-0.011099267857933479
0.013191429496269122
0.007237468692329599
-0.010906610698846174
-0.010531762331800627
-0.00021608132933040598
-0.005997413543206005
-0.0022371024891019832
0.009611249469694888
-0.023100966235476725
-0.021022935247629146
0.045775283611277445
0.015077500837396129
0.010042731996651042
-0.022736004314812895
-0.0199663209624565
0.011211992408034263
0.02220350259936931
-0.020675263007432942
-0.029866156334858923
-0.02385773822031191
-0.024172334952824535
0.013057479996693353
0.0026708417609592376
0.0247949099060915
0.03019086411709102
0.04523878346858405
0.021044467424975774
0.011649687410243118
-0.024378812875779393
0.022989284033205975
-0.01305373018514663
0.020129363667024443
0.020075163330421145
-0.02439171849059594
0.020151861082386542
-0.008029858543068917
-0.015059696901706728
0.02191308706439522
-0.024370222132276693
0.01860232674836035
0.011603490501528873
-0.023589110597237353
0.02475566575015115
0.012685812026732043
0.024912624478226304
0.02717577491383604
-0.038901117732095036
0.024134356960513016
0.02403651533879213
0.009311976512209117
0.02147200724538601
0.010895055913254875
0.010043696115915686
-0.024138846771765327
0.02463790279416525
-0.012841322967048681
-0.033876233992027334
0.02164082189702543
-0.029563980314666186
-0.05015076440837504
-0.038857780218992354
-0.0257217756978355
-0.0617969966647478
-0.015048480714862512
0.008322370813673343
0.008821138013530736
0.024340488663356377
0.011164127861334498
0.024357651636295084
-0.04526113509317264
-0.15401447175082256
-0.05874004508087339
0.022415375504478478
-0.02555523836715018
0.005710503058430363
0.030995890541031194
-0.003457882953558559
-0.006682933551696714
0.04010306680204178
-0.0068677041441073255
0.012043875865822175
-0.007115980032058199
0.029143208788361175
-0.007115926509860984
0.04048240810203723
0.0407069256419361
-0.00678689825698374
0.03334612102848486
0.02977667676197455
-0.003439864455480754
0.04129420725564957
-0.004331540675212745
0.02892295705509066
-0.0116290802554104
0.03694813090110829
0.03541880036101333
-0.0066979617379298645
0.012390469298156487
-0.010858629226273718
-0.04088018362975943
0.001256142026061607
0.0057292639046300975
0.011146556041635157
0.006317738676944622
0.003592188697234525
0.0036419495916728186
0.01197388753754827
-0.006785671760138194
0.0037583301424274364
0.007926771325355051
0.0042631859743498726
-0.004217662360165639
0.005752784129667157
-0.011779993560293618
0.012939753987416267
0.006615937949249963
-0.011936098047905776
0.009645453538434953
-0.01184092044022403
-0.01203091484206011
-0.012048965660946506
0.0011407589559619383
-0.008287659269525462
0.002896047771012428
0.001392516127777572
-0.01367983894468415
0.013582079068958633
-0.011984476243486504
0.009588252697461233
-0.006781145661669402
0.0021536459090773707
-0.004615067443896346
0.008108718052065655
0.015741760831382214
0.0010991263310321355
-0.0067804873737695726
0.009551880741715979
-0.011936949355719916
0.002882892550331723
-0.01145857064744328
-0.0030795945908151565
0.003583998497997864
-0.0012564579122196112
0.009592008777208526
0.0011845307333026357
0.009698773460474451
0.00963599797049607
-0.03816041227697418
0.0045536278792522936
0.004150501660846048
-0.017810429770136495
0.006306581055656397
-0.007970660958729562
-0.02005273480820403
0.0015972196758710037
0.006615345233817373
0.00423293595140094
-0.013380826128582868
0.009282270800085857
-0.0161167101539734
0.0038686621490114045
-0.02095036531705559
-0.0024311759678336954
0.009957518304166302
0.002904814992425909
0.007233122432153162
0.00932252568620346
0.006106546932765479
-0.019956267431395454
0.006328838946576284
-0.009228155509226104
-0.010178924928790585
0.013351743177040007
-0.025191970888752423
-0.00034483917087351965
0.01331055957543015
-0.0013109313585596095
-0.011391387308872226
-0.018380369839971576
0.008906556002792058
-0.0025393808095090487
-0.00032293436669966443
0.010770348304453128
-0.010298209834611539
-0.004802576714856179
0.008395424092414026
-0.00831586988900731
-0.00660860893316123
-0.011118962720378045
0.003002403213203323
0.01308136658358588
-0.004924040338005194
0.0028927271281033004
0.012312438084371475
-0.006187262264753704
-0.014276105374623222
0.009611295951818824
0.002881398075894395
0.006789135363996528
-0.006758836379649082
-0.009952062460066396
-0.009394030358819758
0.02333731719731866
-0.006778000647191535
0.00493060163290364
-0.011166210976783837
0.0028796627098210026
-0.03510697038171373
-0.027910757139435017
0.0029343906512552752
-0.0064636577428828085
-0.006510224489452542
0.006296386457664844
-0.013501997979731662
-0.01658339691181736
-0.0012756452611803464
-0.004324719681599949
-0.00565337140696075
0.009630823785723185
0.002976080409302829
-0.00819011341949353
-0.028136574198318387
0.0030834638672360077
-0.0067943695513336035
0.011213148421012826
0.0076843173352762716
0.009900903598266324
0.002884272931396027
-0.01943752744689286
0.005040125420937706
-0.009230198212272042
-0.01795853909589145
0.007930143963270624
0.005874844552608029
-0.00906759593922189
0.017527464673649882
-0.01940105529364967
0.009468402211559897
-0.02148361099676755
0.007238733483660114
-0.005015887242128372
0.00965716808904847
0.009645233286193211
0.008828987184964485
-0.0024988503056729322
0.005353555434914457
0.016574187070959537
0.006770301720084116
-0.006803359211762498
0.0028665960260789475
-0.011512280363954049
-0.015623664651570213
-0.0131783902241608
0.006792232621381007
0.002865611547035135
-0.0038771268045163314
0.002865409463194843
-0.006803032772733174
0.016146587786603904
0.008448804135352496
0.0041804627295812195
0.005150620744104007
0.0013108282525496214
0.002645125452052269
0.01454688038841778
0.009259462681554836
-0.01317839107580017
-0.013178387497698918
-0.011510748454914626
-0.0067966962337828426
0.0062009678194195885
-0.0013319298590390382
-0.013160368177271734
0.003055959522712941
-0.01040763201375029
-0.0004583526583784829
-0.020483519126508306
0.008709793976973764
0.008724977912303727
0.008747432387441897
-0.00991775921736238
0.006238547664045478
-0.011433726084762055
0.006719970175123489
-0.010230254549543457
0.008394447699081828
0.00422191819609779
-0.013148874279938714
-0.013176291401228158
0.008700876681623304
0.008708967125740073
0.008066654193026419
0.00870519156388052
0.009016028623449015
0.008844721740855922
-0.006803484535736854
0.0028660291929283755
0.008709105046433137
0.008800678234611297
-0.030471235833807092
-0.013144136910064866
0.0061965918919483914
0.0028653882457974618
-0.036569867091120825
0.00869829252831076
0.0087251569418839
0.008448545631310722
0.0032927601933974587
0.003612775772542508
-0.006792639696615746
0.008697121001283833
0.006803675457933193
0.002933520616999884
0.01783526954571504
-0.010308503358506917
0.0028670350034159554
0.006133887817903316
0.008697540392912689
-0.006794361378664295
0.002870443666346565
0.0029190475615695544
0.005620703474158764
0.012353681645915859
0.11418494750563388
-0.01278643705815465
0.0041922043292520385
0.004205263377182338
0.004046417084667599
0.00870465886515172
0.00415569515821897
0.004302748334293964
0.00794217270097065
0.009915884221378048
0.009906842053771066
0.009897546695756047
-0.0008071556062982826
0.011104773026551707
0.008364045403565506
-0.004577054811698083
-0.014015991731905222
0.012021189800954837
-0.0057246711127170264
-0.01738541886081061
-0.017353612363623566
0.008379439913062548
-0.004111195798579405
-0.005736496565895246
-0.005661575976716876
0.011597908051111003
-0.02453479047895553
0.003747056607019004
0.005245091927144489
-0.006803515084567076
0.005433780073237376
0.013129427357694503
-0.006681439587810533
0.0051670471456957455
0.005167053085526926
0.005168117358380096
0.007948555044224686
-0.0024261617053809273
0.012639771545223253
0.005220198733876067
0.0051670471456957455
0.005202380520525108
0.005167127461123186
0.0051670717440699355
0.0051670471456957455
0.005198238068692843
-0.014019154116832458
0.005168180222189062
0.005168180222189062
-0.014158074098123174
0.005167030096365137
0.005167050776344942
0.005167060247729619
0.0051670471456957455
0.005172746871737528
0.014021403162555852
0.005110250474896252
0.0051691130146682635
0.005167128087699289
0.005169621804400696
0.005191199975522169
0.004199040909760344
0.0051670471456957455
0.0027602763013232358
0.005213112008768738
0.0041957589633016355
0.001071506145251104
0.005171434233103536
0.0051670310527732865
0.0051670471456957455
0.005923176488405853
0.017552645600977947
-0.01151237937361464
-0.007161815872057754
0.0051670471456957455
0.012037402411585414
-0.018885045268061295
0.0051670471456957455
0.005178439981002041
0.005168022716245992
0.0051752367288670584
0.002779326087521659
0.002793883885435218
0.005167461059339594
0.005167063797446785
0.0051670471456957455
0.005167859436795458
0.005157678599915674
0.005349905232538708
0.005176455428248818
0.005176887137665816
0.005179166653249479
0.0051670182096438125
0.005168608973594575
0.0020193625004168323
0.0051670471456957455
0.005198281711169051
0.005167016400813256
-0.011160663669612053
0.007416685998791796
-0.009415629062105316
0.007258428325665283
0.005194967832141238
0.0051670471456957455
0.013832411117926604
0.0051670471456957455
0.0051670521292103725
0.005167053085526926
0.005167037623259952
0.017546994313909145
0.005167028804932812
0.006169570642615984
-0.0063742976845132275
0.005196191032812324
0.005169189925546594
-0.003713235188364608
0.0051670471456957455
0.005169284359095586
0.0051670471456957455
0.0051670471456957455
0.0051670471456957455
-0.014019094884232197
-0.00372749908907699
0.005183202251054893
-0.013949370839693411
0.0035231503394384934
-0.004187791687250526
-0.011019105767395022
-0.013910420441423287
-0.0095872147004867
0.0030681511205472643
0.005341020098979534
0.0032221998845246695
-0.01253887137390914
0.012024718087558235
0.0051670471456957455
0.005167050776344942
0.0051670471456957455
0.005168388253324443
0.005167054012060155
0.0051670471456957455
0.0032221874925661355
0.005895943286214382
-0.01275978898161944
0.0021214992747308143
-0.004105328906440627
-0.0023776908538303714
-0.00804810270081949
-0.008042457951261909
-0.00805388049024634
-0.002507809779074196
-0.002508135487447536
0.005460104986126105
-0.006124584110782098
-0.034260778091907744
-0.0033024780734635753
-0.012380313028341292
-0.0005921240729256457
0.0005609636886865155
0.0004355066059514888
-0.025761507194968437
-0.0029721844740233736
-0.012308775885930304
-0.01397146478586916
-0.0027165029026190164
0.01358628134340244
-0.006782001053705709
-0.014020426090547142
-0.003638702445599206
0.000584943127819295
-0.001514877922333484
0.006679450156209667
-0.0036308135656818973
-0.0036310190506501972
-0.0036421240689915404
-0.006426250449887203
0.0043273758822197795
0.004327413887889481
-0.003640749518117408
-0.012920475616595402
-0.003642383802167665
-0.003629787155825676
-0.003557211135851263
0.0015913012079084227
-0.003637996756344866
-0.0035573393800157754
-0.0036423804230232026
0.005341987279748901
-0.003640691775269916
-0.013217308653479502
-0.0036319695567856203
-0.000909390461459814
-0.002373585301924575
-0.0023733330937057203
-0.004069373884028782
-0.007713276558541418
0.005167691840679225
0.011677399205737106
-0.014350544039956276
0.00296804583118285
0.012874065732286832
0.013279007737867403
-0.006639705744103628
0.013586264198737466
-0.0036420717882096024
-0.003629929723097294
-0.003619541042888927
-0.015766527529806115
0.012024397428480174
-0.0007055243376485978
-0.018014467970289733
-0.012876815798810453
0.013586429926068046
-0.007106646793421399
-0.002297575914093477
-0.01570120728319748
-0.002317457426531775
-0.0023416539922108868
-0.002184258318038569
-0.002352688538598855
-0.002353719313038928
-0.0023420521604938425
-0.002351398185833478
-0.0023486057551626222
-0.00235374038208163
0.013588153982691276
-0.0023535472147542627
-0.0023532944536122477
-0.0023535252010339113
-0.0023061891875472682
-0.0023177871320867382
-0.0023045151391873587
-0.0023435536225593235
-0.002300590692790577
-0.006644972369678642
-0.002350354529991947
-0.004420410079105172
0.004039474898639527
-0.001960665683869593
-0.0019558501552970156
-0.0019473700613969575
0.010524895164432247
-0.005792306091325205
-0.00740188924061
-0.02498045079614413
-0.006219715188733366
0.008926505700605405
0.032781449488168676
0.0168708415447583
-0.005405038911218115
-0.00030261605927546373
-0.007074534763902784
-0.000530152287167443
0.0054219586129347795
0.018245665908234388
-0.008608440602521675
-0.0030383143650803525
-0.000735926209077701
-0.005405882259816278
0.007682493969746366
-0.005404855259672936
-0.002783613494321786
0.015380815134758056
0.011867448337483122
-0.0029002153393646465
-0.009543844486125308
-0.011268673483094288
-0.0005294868498873342
0.018721217039031013
-0.00524230674415561
-0.0005347206701224451
-0.006205821546845645
-0.04258108628963592
-0.02794960053840045
0.004358875676621718
0.0025398979167125
-0.004367922544906915
-0.018994394825875782
0.002742841070477525
0.0023392614267725258
0.01881658566518814
0.0015648314211494903
0.016228425225180747
0.015484506962724744
-0.0005392780268980415
-0.01572462414134157
0.0022608084776292634
-0.01599468778433403
-0.005405546881405312
0.002454637332863773
-0.0005145095206232928
-0.00046824528595586294
0.01191485345293607
-0.008493101178171387
0.011275294129041623
0.002676756958030794
-0.02463640467959138
-0.002314686543635599
-0.000864538931329718
0.0025822043744764393
-0.0005103435594037051
0.0026979217833342
-0.0005397941904670073
-0.008445354829984833
0.002108842222693839
0.0019353458875980827
0.0019412833385644523
0.002099027588125507
-0.0005396995236950231
-0.0005345092979535184
-0.00035737153790911286
-0.0005395677357155696
-0.0004373743003177145
-0.0004579025539134435
0.002170121735338554
0.002367751611261371
-0.0053860224165093755
-0.000539767412275744
-0.0023168502894806717
0.0017293939631350104
-0.0005398786042681697
-0.0005389063098347862
-0.0005397941904670073
-0.005811471988526791
-0.002291942142300199
0.002682064784706364
-0.0005399350251678841
-0.0005399243885239951
-0.003665349350357977
-0.0022213971041758376
0.0011881273714956242
-0.0005055166102672061
0.003340670217557662
0.0026944476312670534
0.01088613561771639
0.02486856015532755
-0.011721997201308166
0.018431838611970976
-0.0007362015525888584
0.005169494493446492
-0.0005187778440928297
-0.0005397577590560958
0.025251710386023685
0.0005237522891938436
0.0013255196148508936
-0.0054042757466174094
-0.0004563765030077655
0.001082710395268373
-0.0005399014183326386
-0.0005398860407582623
-0.0004938859125217257
0.012979319726589169
0.0012305193428802368
-0.00538082686153555
-0.007600202611163173
0.0006255068459144475
-0.0005382898066396912
-0.000539861982630436
-0.0005398101759604546
-0.0005398036458887759
-0.0005398530575283013
-0.0005381060670626826
-0.0005381459473382347
-0.000539067902291879
-0.0005393687402294817
-0.002556614262828294
0.006319920639559195
-0.005405882831289871
0.0011621386229728613
-0.01668107767055913
0.001375270957710155
0.0008328938628099665
0.009570111905784317
0.0012623864522890622
0.00570811618107357
-0.003471971922211544
-0.0066057479114473355
0.013985735187822746
0.002354602860998306
0.01183011192862526
0.003023567924060098
0.0014453453626526514
-0.09327479803712493
0.0009342216235954985
0.0026933087352423624
-0.0005033174300241333
0.0010025368059781463
0.0010305100557618356
-0.0005288688100824354
0.0012975922376722482
0.0018825304033384311
-0.005446393693613899
0.009453629409018475
-0.007422559552596361
-0.008121747041176425
0.0011888899527538854
-0.0005380485718187988
0.0026785002937253872
-0.0005398691340258124
-0.0005365011879754067
0.0027466469160517286
-0.0005398518948196418
0.012019818481017732
0.002631260861252569
-0.005401956872405975
0.0017406906483226708
-0.10812503292843433
0.002355908072354427
0.002065336725002004
0.0009729046776043249
-0.0005395825570165167
0.003891019339903457
-0.00053822531671687
-0.000538372727706421
0.0018610674656292464
-0.000539840633818383
-0.0005378608250117473
0.0009147237601018283
0.001143071179845115
0.013778708820449704
-0.0005137004418949629
0.00041819083223173376
-0.006813205564844714
-0.0068044253388251635
0.007541765470828926
0.013771116171062183
-0.0005393858273042959
-0.0023092735754716783
0.0006747661876260117
-0.0005368874874814411
-0.014739156309130358
0.0062660062478083365
0.002533398057073833
0.002221881323486622
-0.014894095967904083
0.006534616729917571
-0.000533657097306505
0.005574593089677698
0.0051870216429718485
0.0022003034907038315
-0.0005391085101971974
-0.0005398285721251453
-0.0012569287687386028
-0.0005196724800831162
0.013773147392289218
0.006573706780628456
0.025601897686561393
-0.0031356127086355143
0.0021472182346142657
-0.0018254602798860313
-0.0005542947505981974
0.0021434917322554685
-0.0007146499066338801
0.0022089689060764634
0.0038935466701323198
0.007882855102252258
-0.0005366670819269332
-0.0005387308997579532
0.010050962594863402
-0.020701872951650768
0.003868881107385542
0.0020904624096411816
0.0022332511820673893
-0.008802404485767946
-0.007354394890584888
-0.020296424212230744
-0.0005387549930768693
0.0021453355825143314
0.013773346730508708
-0.008288363473881805
0.015209477784063865
0.010694416968967488
-0.0004552651782530569
0.013771224150112444
0.04655800027938827
-0.004367678263688911
0.0074493040151483066
0.0054693980900786384
-0.0004609278336224819
-0.0019224651437709849
0.010436590890215295
0.010778749086086803
0.010110268150553128
-0.0005291185298140973
-0.011351884562146454
0.011230968847774985
-0.0005271632909174376
-0.0005291538442147936
0.011331006054552558
0.030787410356431767
-0.0005287094155683273
0.00417720817671277
0.022854783265911425
0.016895019219311018
0.010864756443262315
-0.0005900193091751745
-0.0005290676412446786
0.005181669505795199
-0.004124814540390043
0.011436020289939685
0.004521160711981911
0.01136792261644653
0.010815567752928846
0.007460666717472039
0.0110492968423398
-0.0005246822487389525
0.013771451892251856
0.006617210524204558
-0.012181052658274147
-0.0005289635108879613
0.023679096204402166
0.005521203564209641
0.02906488049653044
0.009109156281844026
-0.000430212549964299
-0.000448663620255927
0.011289296893587129
-0.009172150981736904
0.011317437727901548
-0.009587644985784552
0.023674378975175773
-0.0004575271310072967
0.00904253481898852
-0.00631370286077514
0.03894706461913428
-0.004655523274424459
0.00932696920713451
0.0010255777720629825
0.013776882421827005
-0.009746768307461504
0.0064276408246576235
-0.0015484944362902354
-0.01036149903025449
0.027309169272395222
-0.009793091123606356
0.006300860022015342
0.004181007811845622
-0.01994012619612002
0.005058193962225448
0.07579072362840863
0.013178258032012944
-0.01058905939051667
0.016514353939081503
0.01377469623517235
0.0010347567358013623
-0.0005567290163623594
-0.0007350749893155601
0.004955625363933076
-0.0008034478158304367
-0.005403139768721742
-0.0007807698901018685
0.004878883219367211
-0.0005526543608137791
0.001025663804878216
-0.0008207388195984536
-0.020349013786283676
-0.0006309574941059887
0.005915683299633608
-0.003734085198727211
0.007513508451582549
-0.00783709366633309
0.004249881915609622
0.0055241636613610106
-0.0009005454088602109
0.0064267862240250904
0.006427507739692129
-0.015952900954693348
0.0005613399201476404
-0.00375996793897729
-0.005807717775555203
-0.010412551127641357
-0.004457402186633551
-0.010455646931094928
-0.0025562211608432537
0.021119307397321152
-0.0006198515012722798
-0.0027019075920028486
-0.0006777352668402576
0.006437637965460777
0.013780575475930179
-0.007308426806141075
-0.010482664500950072
-0.01047847487533671
-0.006713398176197583
-0.014516043925186272
0.006617786226584119
0.005962067171394289
0.006457064276771682
-0.0005290743947412916
0.006427547865490594
0.006617263416242425
0.007855380574367344
0.0055235073785896045
-0.004812863782552662
0.02449664880874978
0.006912236268853718
0.0010806702924943978
-0.009484800064753862
-0.010203012625420331
-0.005753486214543758
-0.011128512916408394
-0.00036478300863844275
-0.008799707711246035
-0.010123829513690468
0.006617836138280468
-0.000944217063881826
-0.010416457846529047
0.01432352310418221
-0.0005109311946919241
-0.000563917599640942
0.00717724399645868
-0.010822189006288627
-0.00945982633614537
0.001632529456250212
0.009122931688745782
-0.016895523920226908
-0.01473588832677869
-0.009367113202996224
0.0024674029280888263
0.013773622088764143
0.008734568655611894
0.00661722329044394
-0.01043156202299309
0.006223410483590548
0.00886005351766152
-0.009681772756952133
-0.0062474178714678405
0.008745228996501883
0.00661722329044394
0.0017207683286787126
0.009110271550682844
-0.01008833668296029
0.0065819110172161965
0.007368814796364238
-0.010265367602588704
0.006639495593339352
-0.005405882831289871
0.00879808545422016
-0.008779108226020606
0.010828127108675239
0.0016376193313157445
-0.010255464614127874
-0.005726496757536198
-0.027354518456891987
0.00661722329044394
-0.01080037755332399
-0.010028771590696147
0.009001292460666811
0.017469867748701642
-0.0030231425719855726
-0.0029171851918759683
-0.01250888697593512
0.007778331481879293
-0.015644837866726113
0.006689614941874992
0.020430130172589323
0.000650578486318682
0.013827864990116026
-0.004457450726125742
0.009120208928513715
0.010079371652518454
-0.015453271881312739
-0.014448307239043947
-0.006370882366820011
0.005360103570240458
-0.006446791427738064
0.004980312027896949
-0.006507012395437805
-0.00540557123646125
0.006376859897838014
0.007490245720634724
0.0063777414195213605
-0.007491338345513489
-0.00763689405983483
-0.0010088530729240443
-0.0014135767015267787
0.005388756900582529
0.007455790582489362
-0.0006109001072182543
-0.009605875239137382
-0.0010029315514370498
-0.00038147509183381273
0.023042702950157493
-0.02485753518969909
-0.025107018161553776
0.004985038036045239
-0.02241704276640714
-0.022736998015027366
-0.005404036252287536
-0.09414290667700373
0.08600681718455806
0.009589329862223465
-0.006522395810063031
0.004161931604759584
-0.01737363030977198
0.004975837715452994
0.004987131571776524
0.005420242729567434
0.004389146691270347
-0.002918543106726476
-0.012216629774655631
0.004484039646971395
-0.0006799369371945815
-0.0006876002992727223
0.0009479349890040575
0.018679691453512285
0.031049888530888102
-0.0077809955474049146
0.004732338287249701
0.004827085805581856
-0.012092043725515245
-1.3767454627333267e-05
0.0049430014186659125
0.004774629222227978
0.004722853964327965
0.01190110996840698
0.004822583319886535
-0.0044574948084104464
0.008608092527708161
0.004764065920924162
0.006534263670206179
0.0047363476604612076
0.012027630501080301
0.012640519949862103
0.007471148772918139
0.0049570870624181165
-0.012122782312459605
0.005388915525709805
0.005042007273747018
0.011739972277063748
0.004572632272887828
0.004735302292409698
-0.10820585044456234
0.01136292871109345
0.007830289388268758
-0.0046330160037959065
0.046859111830858065
0.07682249107609095
0.009426276580920668
0.02076671228177274
0.006929732018083976
0.006944386013995383
0.006900611974151048
0.0066097529803161685
0.006759102180026943
0.0073294772337764765
0.006521896327604833
0.007469402762720047
0.0069127764789561575
0.020301604907298623
0.01701666694268772
-0.010886331791782283
0.01093376561923259
0.02125452902427332
0.006732873237830736
-0.019065700997163926
0.09100788819389398
-0.07147548707705115
0.08283567391059656
0.08468288670187982
0.07053480139130605
0.07048076650631308
0.08200997478550572
0.009462804812761433
0.009257535946200626
-0.10377334547439064
0.11734221163029464
-0.030363860416819526
-0.08544892786390332
-0.00126131820942133
-0.002898997001310613
0.00038750291947665564
-0.019412366877800208
0.01764520962103155
-0.09151018932574695
-0.005807074157584797
0.009281754738466989
0.017957408884664804
-0.09619925690358838
0.00942361405437176
0.010529869171648507
0.0561761560265025
-0.05867371690821163
-0.012740311183482941
-0.0017166842622081545
0.010229473057240701
-0.03687128687458113
-0.030299321113040928
0.06046961489671926
0.016935634658388408
0.00883029293254668
0.008835426224207481
-0.05980785658891433
-0.05948833577533516
-0.0007010351346441788
-0.06637050073803705
0.042948932686864116
-0.011365188602517753
0.025568258486143063
0.0052083956951073426
-0.011600754196594421
0.0585252603099249
0.0587641442836576
0.0568307094126579
-0.014100354613481542
-0.006780105416619008
-0.030395596437874414
-0.04466934651474583
-0.04867300483910425
0.02547672337272467
0.0038149038919322266
0.0012153740940151468
0.004998316335334019
0.022193634496451748
0.017417716790457026
0.0003393906965878766
0.018121061466976555
0.0254777044590671
0.008661039800640534
0.02194225001845438
0.02873546296357583
-0.028286130743915425
0.015692561228652577
-0.002429147875148933
-0.0023114664312635725
0.010027347122634414
-0.0024014931099508524
-0.014851517112167801
0.0074820754176382655
-0.051940155563424975
-0.0024665781576635334
-0.007975080159641658
-0.03379937050991742
-0.008180093091395637
0.010914642414590163
-0.007842304461223361
-0.007843273700149455
-0.007842289863201951
0.02552258724182353
-0.015039513020573126
-0.02142748628311262
-0.0021785866516444785
-0.011119868313678043
0.003944434266618849
-0.002983705110354084
-0.0029836616976300443
-0.0029837703267341508
-0.0029837110434019903
0.018293011456655177
-0.02002391466475979
-0.012301334533527188
-0.007842007729072068
-0.018192026175077713
0.00024842134736526494
-0.0021786062969741346
-0.02500369482029854
-0.014030915599408635
-0.0029836909395306085
-0.002979897989507631
-0.00442208141980939
0.0005601446827314924
-0.002983712682231201
-0.009467934046097443
0.0011431587848806575
-0.0029836230525646787
-0.002983705110354084
-0.002983705110354084
0.00048378871126152214
-0.009761558858259314
-0.002983705110354084
-0.002983700261269341
-0.002983705110354084
-0.019942370050983944
0.021565191114142398
-0.0029778251460378484
-0.009566850455783031
-0.0029832526240040303
-0.002983705110354084
-0.0021785866516444785
-0.007010950457707585
-0.002959999445444328
-0.0049342130489250235
0.0028397177263460543
-0.0044098797173722625
0.014407399091835794
-0.01960239401207538
0.0033615189613927145
0.0029236468220378577
0.00142148067796871
0.0017212959457539856
-0.00019530346802207603
0.008973742050239326
0.007064640499971597
0.0037025907609275913
0.0018091013981700755
0.0038920715648173266
0.00288825239899779
0.0016074015222921052
-0.01962035006470198
-0.006040002840570132
-0.045538884577079594
0.000611229794507811
-0.004835486337482767
0.0007653412643447258
0.004607560014615972
0.003133606291166282
-0.0007777483408675501
-0.0006780285581158836
0.009802722729012933
0.005097364609954371
0.01132191558833727
0.0014986075614676433
-0.01962157487863401
0.0020059350521950126
0.0028248468426007017
-0.001739357024136098
0.002502852587033393
0.0005789861397387375
0.0029560359677626605
0.0016656741219557535
0.0030415763234738946
-0.011778822050232677
0.016639675165122828
-0.00442208141980939
-0.00442208141980939
0.0031519943164325195
0.0022400835848737344
0.003230715390300905
0.0133519799770324
-0.003480235727827427
-0.0018793531370555761
0.005718748593535502
-0.021967450596500904
-0.0032808956014076735
0.0021012413535637033
0.008399806351704444
0.010971574559827472
0.010975290023952288
-0.0021823239088831214
0.0005235252454679369
0.0006323652853062298
0.011132210378216555
0.00045923308870836647
0.006886037415550574
0.006847222818338372
3.9015386815070675e-05
1.268163350086367e-05
-0.0013984838551057853
0.0001512767633692056
0.0005482584202922447
0.0009796709209344342
5.323156922528371e-05
0.0017049716113959551
3.817289991197684e-05
0.0002142725038558793
0.00013549935749246315
0.00015756765578418705
0.0010159010594376983
0.006614565488831307
0.01649732552990971
0.0019696603549133355
0.0022929698159907157
0.0021657080545958124
0.0074154113815211534
0.002068929123668424
0.008977770932209504
0.00010367319859084115
0.0008279443749295428
0.004852761821246096
0.004714830549686369
0.00019214102400572132
-0.01962228772532064
-0.011513292022184643
0.008229094817668765
0.010847374541104076
0.0028593512627091058
0.0032695174372192933
4.467339282542122e-05
0.010451773722816894
0.0028504100627133222
0.0004766383205177408
0.006892576916511399
3.628772079103213e-05
6.907979281068508e-05
0.0011638676911515428
0.008618769186739504
-0.0008161857426387638
0.0066002969404333
0.06288725140863734
0.0008694717090768226
0.004965841463920798
-0.0076589282881389656
0.0083821936190286
0.0070553642834256585
-0.0021823239088831214
0.00020499186004253916
0.008414040013654063
0.001671254001676063
0.0004271107533958875
0.0007471908807361033
0.0008873976714291366
-0.007542437017879524
6.737124461389408e-06
0.019990792806173916
0.00031414988673194216
0.00016856500636778184
0.008487063527374382
0.0018890812454123611
-0.0077272054039546996
0.004714599677809469
0.008622668986383746
0.007922210257111413
-0.0018511031425029315
-0.0018865596393900415
-0.007768033563398059
-0.013293259909622209
0.005139453868292522
-0.032399958123152856
0.0032492839316533256
-0.0021823239088831214
-0.0007777643242858944
-0.006978399218123857
-0.007019142421571673
-0.007823844541907909
0.011156002739682511
-0.006876502601872127
-0.016144348020301486
-0.007011292792553608
0.0006319486635811973
-0.006923916443445708
-0.0070190426547158445
-0.006956942549180392
-0.007008706001644423
-0.0024279914672255447
-0.00700707443758492
-0.0071796408525352535
-0.007002135440889585
-0.014936805953343327
-0.00701121628465438
-0.007009906031463882
0.0023750034127850593
-0.007816792052285923
-0.002618628980821975
-0.0034422004395107736
-0.007731503872380104
-0.000622287467302688
0.0005883706587877863
-0.006560646980146752
0.001532630361235844
-0.019617710764251887
-0.007008132788252303
-0.007816180983590281
-0.00442208141980939
-0.006555371571334874
-0.0005755126837706276
-0.0021823239088831214
-0.0065350557078131906
-0.006559806105349819
-0.00792796304529828
-0.006997380252367409
-0.0021823239088831214
-0.006559688776491257
0.003265422434390525
-0.0075614639218127356
-0.006099849413289946
-0.007776983222268461
0.01676198721914009
0.0032153364316550334
-0.0015341670080052528
-0.007466756488765298
0.00010749097172039701
0.016725284365622112
-0.0031808719420865134
0.018246954126902862
0.010983706743687201
-0.004845867947249645
0.01882881376702512
-0.006867659425381058
-0.0069343569405371
-0.00673272883021024
-0.006937381174113056
-0.006935802509899459
-0.006925854351238444
-0.006860422528849282
0.011155761119230419
-0.0009123749058546468
0.0006016007700671902
0.0016926525231465142
0.0024627643796623806
-0.005241095045401053
-0.005419608747357351
-0.00541899532484283
-0.006937511831281129
-0.0064740238177757115
-0.006247058031304022
-0.005243458261461834
-0.006937432679604532
0.0005421624233476251
-0.0021820190883764046
0.010403423184275487
-0.00693703744987136
-0.007835371936520454
-0.006937454922509221
-0.006480512005734145
-0.019507994471551778
-0.006918561169789931
-0.006932063915154902
-0.0020551761899564396
-0.006883307504748201
-0.036634383423819326
-0.006845821599315805
0.0032727225350398558
-0.006962242915150323
-0.00693676843755426
0.0012987027893170955
0.010370541832950346
0.010343812923066922
0.01098342244915766
-0.003205291143622488
-0.00595866261916544
-0.006922069382540154
-0.007612550266411799
-0.006935159405962565
0.006618348542023228
-0.006960343203874562
-0.0021823239088831214
-0.0010984328455581538
0.011001623856857556
-0.00691084400356583
-0.0069312339367279645
-0.006807362687342069
-0.005974450310513721
-0.00690171847210139
-0.006471811145368211
-0.006435631710466151
-0.006868365642935572
-0.009119741644820809
-0.007922269189805417
-0.006933220321618206
-0.006928106184506525
-0.006862432542479944
-0.008643222202446347
-0.006487280087362024
-0.006628196789059408
-0.0069350608249070175
0.015482112422813343
-0.006940992458682531
-0.02711084716099509
-0.006937221720964504
-0.0007955582065262643
-0.0005853746932182018
-0.006937349796315961
-0.00692848955711714
-0.019616490540875223
-0.00644936856448629
-0.006933709883903473
-0.0064803308496547505
-0.006149192830620872
-0.01438277061594476
-0.020466470730015535
-0.015076285668846678
0.0026271756068591045
-0.022423128840036857
-0.0021823239088831214
-0.0077387621995703365
-0.004894410101889763
0.014444024619568228
-0.004163667564765341
0.04774944547304082
0.017757330467347916
-0.006478538828348402
-0.0125686282178033
0.03649944158654829
-0.01834814912534218
0.03601079185309156
-0.004426549107877262
-0.013063350407517766
0.001723490983682783
0.003421291414796863
0.0039566999156989925
-0.0003871287181448252
0.0021395261086698957
0.00028983016394207973
-0.002235937668848693
0.0030683441402724575
-0.0012709379107257329
0.02013276713590404
0.007485484769821568
-0.09033951724514815
-0.04025386406975007
0.0123283000074983
0.012385843063535587
-0.03949771631119922
-0.004434285685465914
-0.00254266682711889
0.017344137472656652
0.020245214690409453
0.03831848194422837
-0.039502847214517176
0.006672709556623822
-0.00254266682711889
-0.0004235355648204036
0.030153536760111684
-0.006974968170863687
-0.0075363324674218414
0.057880655777559145
-0.035293897868525825
0.01725483400306821
-0.007984445790859501
0.0032736631795468487
-0.001186820111389198
0.003424971013229248
0.003424971013229248
0.009491974115879228
0.000692689430108556
0.0034269226904369023
0.0006786822514738699
0.0034249849228700216
0.0002423184849323228
0.0034288512042421385
0.003427705194069227
0.012363443723701663
0.003424971013229248
0.003424971013229248
0.00342497040920757
0.003424971013229248
0.018134069989299253
0.003597309376329317
0.0034423707645031003
0.003442410910208338
0.0037450809574295623
0.009490406690343253
0.0006774405128211005
-0.015666552117116192
-0.015024135684926073
0.00342522748500292
-0.024134966679014772
-0.03872626202518271
-0.033250157617794075
0.009584688592895383
0.003745455878562963
0.0034250849521204065
0.012240611451078376
0.0006761294539856383
-0.02207216208106078
0.003041446140083307
-0.008220047989879705
-0.022072190167925037
0.003040990439534748
0.012362129638432386
0.003040970595296378
0.003040990439534748
-0.03321931590337861
-0.02801589774183392
-0.0011838852138106864
-0.024450212416339004
0.003040990439534748
0.003040990439534748
0.003206368868284893
0.0030410058884135322
0.003041031257556079
-0.007105544259814724
0.017016555346616787
0.003363713245476932
-0.04207890367334801
0.009696929334151488
0.009490782153037372
0.0035122877016677697
-0.0010096852506350405
0.009490870789946556
0.038944577299763326
0.009699639698795559
0.021394267300521057
0.003041603954927151
0.003041010810349072
-0.022038490813910253
-0.0006069515694133142
0.019886717951007084
0.03788268015014451
0.005408386179843316
-0.02908680138484696
0.004676012938963236
0.017104700510848444
-0.022043557729098755
-0.03323827115163968
-0.03323827115163968
0.01237864486433301
0.003716691433139918
-0.04207888401780078
0.025943184173775276
-0.009247993493906608
0.045595633936581156
0.04559340826318548
0.04562306917304496
0.016773801205676436
-0.02964217848518014
0.004896973420080694
-0.012348605941424642
0.0030426291755214067
0.009836390813407953
0.021869051554676378
0.0030410503237525972
0.03898809699831077
0.023138282326125355
0.003361782314302819
0.01084597232660061
0.008072301931764088
0.02186905473875105
0.021954599270744297
-0.020364803693494297
-0.0011851555900073082
0.0014926813861672493
-0.016660277586099625
0.003047056953751203
-0.022032525002337655
0.012378687969138305
-0.001186820111389198
-0.03324968253182993
0.0030678612665161814
-0.007447826390011584
-0.005262757909527382
0.0030418221406438273
0.003040990439534748
0.0030789013017655698
0.01990036431711683
0.0033907487608696506
0.003048133970384732
0.004609387562079955
0.003040990439534748
-0.03273202643167165
-0.0011873532925967209
0.0006928860402167091
-0.002534805282926723
0.0032618864663522484
0.0032680966018465746
0.0030483265008456944
0.0030483265008456944
0.01674376619676561
0.003361100383735052
0.016899862427476684
-0.019901315949456655
0.01882962950506512
-0.022047686269601085
-0.00034660979042953183
-0.033216882624601034
0.0030528391223933983
0.0006548387158588027
0.002670962653298725
0.021869372766245204
-0.022052683320101622
0.003040990439534748
0.003407462549371118
0.0030414059226442245
-0.001184189962844514
0.0030422972491429452
0.003907496678457099
0.003040990439534748
0.0030409773755104967
0.029697159427000894
-0.00950091149719624
0.029928239415097573
-0.021961302676606117
0.0030418183509044773
0.0011822502323826046
-0.02205872115916715
0.01601084287887169
-0.005364217631743046
0.003041148055041582
0.016776235071609698
0.02058832174869367
0.000727156558677487
0.0389404080906036
0.013497663422743224
0.016076992777361465
-0.002542297155730338
0.000692689430108556
-0.002541146265320835
0.0030421254512150763
-0.02494735200624729
-0.022034004721696112
-0.022072162741470024
-0.010257274466037863
-0.01205605650645954
-0.0011873959814358201
-0.001187451987611379
-0.01539728358074787
-0.0007256651226615679
0.0033619331485646195
-0.01224177083107209
0.0006545501889930512
-0.010771321068310191
-0.008169505186800518
0.0006796652225448834
0.02767841508134292
-0.017270485890229954
-0.0011873617069227123
-0.004746090447597498
0.04485404941643446
0.0030409757567392277
-0.007000737981180391
-0.0220708166101568
-0.0004072369754625081
-0.015044889269455866
0.0037337036278798923
0.01790155540268849
0.01883021313609728
-0.019506215260178515
0.017015620108859316
-0.022070535005874786
-0.003162254135498522
0.0030897030607464236
0.0173244759175774
-0.02207156005206471
0.016047896093198188
0.016213939106416993
-0.005992203546288032
-0.033197785789215034
0.00786040188267328
0.0352453094304237
0.0032154476239783306
0.001209697721334341
0.06616372145200235
-0.0005932537282374317
0.04573156751915025
0.021398546609275322
-0.004784446693530571
0.000692689430108556
-0.004758077819218419
0.016851942288683995
0.005108299583242224
0.05074611448753588
0.0037530833103245785
0.017604561192874076
-0.0011873617069227123
0.0030393309120735203
0.003041014197771334
-0.033228234477585224
-0.028102523898975947
0.0030409757567392277
-0.004536166159666939
-0.012243629779766264
0.02026641264319558
-0.004502978356135199
0.020266682406116933
-0.022072162741470024
0.003042261323559854
0.03692535898475376
-0.015672586837884656
-0.0011933387848159283
0.021384062945277234
-0.024070534489824887
0.00303781657825621
0.005826181749432138
-0.03324973441746834
0.0030403973165874076
0.03555112037476291
0.0030385816728311114
-0.005157825487019221
-0.02404224234457456
0.004037016855505629
-0.0007462307571862063
0.014141833742131281
-0.0097183802599336
0.003378830352682634
-0.0012230513785482528
0.0038768208101594027
0.023014192967314318
0.04118803722194292
-0.024045881015024462
-0.0025824822977602107
-0.016689063748569686
0.006061595430297387
-0.0010128515506699063
-0.0029062847937795858
0.016506863632286782
0.033523240843347214
-0.0214398771863416
0.05263258477916946
-0.0018279540099718679
0.010081250289700765
-0.004119920865671498
0.021067572091396532
0.020794014180558075
0.0159281027348474
0.0003735067427443225
0.006652680714941446
0.003907707565324716
-0.04653049456796963
0.01749027308043788
-0.002542297155730338
-0.00209956116607355
0.012993426812813244
-0.027798038109539094
-0.03504419342980989
0.022556836781618607
0.007492239086647669
0.011507900493809347
0.02063551064403656
-0.041415834462635505
-0.005881518660347182
0.0004205567895963504
-0.01196939590456566
0.0024612764232939937
0.04356769084625773
-0.008587106370437289
-0.0028538330144582285
-0.0031943557584860915
0.024617188934346373
0.013516521370528297
0.013624324956859248
0.006735292997162064
-0.01436857789406606
-0.00012608714107002774
-0.011006718732127408
-0.021172580706750162
0.010088963568550895
0.025558234137879898
-0.03335979549896507
0.016593319654204713
0.011450736693296533
0.020783257453990872
-0.008966600158735138
0.02462948446917071
-0.003505648009942793
-0.008965190875358393
-0.0035187942049739983
0.031349991829597634
-0.010273635195350348
-0.011645786590719388
0.013541400925986538
0.013518207580092905
0.04637496936076139
-0.02821522316930163
-0.019602618620820925
-0.0019203799301158746
-0.01906700139674564
-0.026588795902286928
0.013631146178215441
-0.026589944865936858
-0.0006786318892259775
-0.004503944062039939
-0.010041204949831082
0.00999545956463748
-0.01227219265334739
0.0044370418691571925
0.007655161354435553
0.00237223355960396
-0.00287664250244527
-0.006812606870462386
-0.00217120082231671
-0.012910557214470209
0.020097095091771714
0.007241995732905182
0.017206112626731798
0.005096686529310195
-0.023404506354714864
0.009486377807027836
0.00040255509286574566
0.0005957223831007482
0.006349849915961407
-0.0002759704577433207
-0.011867023555161305
0.005571687920789548
-0.004362880654044292
-0.0250732771713101
-0.00027596077129593056
-0.01720256440134153
-0.0036659088667614346
-0.0020375273101377995
0.013052934158421303
-0.003360922105040766
-0.0002756599010928138
-0.00012606949978229707
-0.006931931557420824
-0.006437791831048619
0.00039979314316403766
0.006348825603000863
0.009108582447534345
0.016466120344519098
-0.007107830264480384
-0.008543155577478227
-0.010135864375025734
0.006234321080219939
0.0013001773252884093
-0.0029328427333980256
0.0009433798897120643
0.00022920577722544265
-0.009113159075290329
0.0006215035066648611
-0.012152885590365156
-0.007378291045634863
-0.0023704023788198593
0.013065820664687748
-0.00339525741760188
-0.0032634348902295975
0.00020989454619265
0.009691053850418208
0.00022914672554988035
-0.0028094893548212185
0.009410546523488042
0.013378933544985828
0.006224300383103679
0.006224306160226604
0.00022995670875626442
0.0002291437112209822
0.0015504834618185672
0.002195512556656151
-8.270897568625192e-05
0.0016503899965394585
0.0065678243084715164
0.006538906743104501
-0.007378212255250938
0.007298665905772587
-8.454374189315025e-05
-0.00864202591910635
-8.454374189315025e-05
0.006548221172790299
-0.007373391818504009
-0.008677446293040254
0.011943162343574072
-0.005128843702977508
-0.007378238370696804
0.013067553317761568
-0.01702709871834001
0.013744007005037346
-0.007378201978114384
-0.0020697456517623962
-0.005736726198320416
-0.00583188388249412
-0.007238220131844541
-0.007378099428752489
-0.009244161224165704
0.006538898149501514
0.006538879414578421
-0.0073564945184383616
-0.007242320771500271
-6.860393902312504e-05
-0.008577520760384644
-0.020700593113203138
-0.00247493775454211
-0.0032671254639811266
-0.007173719236773381
0.013740986819314406
0.011486062198518051
-0.012971238815138054
0.006654179715815774
0.013969264598083475
-0.007378201978114384
-8.409197888949222e-05
0.0010906185373762698
0.006693068028606857
0.007119686230003377
0.006783658904986735
-8.454374189315025e-05
0.0002289707661648149
0.00800826796527325
0.0003555190815684426
0.026726475883436237
0.007215705287851587
0.00591893435591458
0.009199862391339294
0.0032007686431788237
0.00020544595779897388
0.0004164278388348799
-0.0006530126382228805
0.0023741549382801114
-0.022515719502048313
-0.0034612555260912213
0.0033511348073651213
0.0031944398031284716
0.00044902005094074935
0.0004117635938855358
0.007226307038549095
0.015080827623165993
-0.00022912803791322694
-0.0038725047293172213
0.01060250585101022
0.000997382481674261
-0.00047038350956680905
0.0005012906193707377
0.0019127426153609504
0.006077359422003788
-0.0034116085277430806
0.023975388677681515
0.002376996309784621
0.00027247023284889996
-0.0007150106401179994
0.000411560879297254
0.0025863443400895867
0.01411845260655246
-0.0038725971679349916
-0.0006529726728377698
0.0010171699246832378
0.0147716906874693
-0.01657676837727764
0.005989592645274529
0.0023908971201236657
-0.0013832031901653862
0.020428387399969144
0.002600068859697659
0.0005060406741402459
0.0039384685692403784
0.002703797360806542
0.002798625048406974
-0.003460641909285041
0.000411560879297254
-0.0037800167634523623
-0.0034019019498967066
-0.02210383873248785
-0.012700100486397385
-0.0009491079811513231
-0.003185878336722693
0.0014925976615512775
-0.003872626432565317
0.000527687937134646
0.012490388267516183
-0.003872619589791701
-0.0034495541542182806
-0.014399781447651937
-0.0012917637783352758
0.0007661325129795154
-0.00877232004590707
-0.008839513447873771
-0.0006488417256129479
-0.0015113674911230275
-0.0032336313373464882
-0.0038725971679349916
0.006376252061013115
-0.003872205913491533
-0.0006421994199079282
-0.017561016178621637
0.020686098629421
0.023749019971137795
0.013794717717078603
-0.023070212827415604
0.027160296270034193
0.012708835185607946
0.0004111483861315761
-0.003872983155439163
0.012489356752391592
-0.02544164344513127
-0.02485899941701033
0.008750224501920112
0.006000359006851887
-0.0106700033542262
0.009862707966353598
0.012908516079608244
-0.0038730003692565166
-0.005551056385499057
0.005843712038772003
0.0059918858838543245
0.0004113391436831075
0.012060633408913477
0.009862707966353598
0.007069170272152703
0.0011319925463351356
0.00040947673909178656
-0.0106700961841558
-0.0106700033542262
0.010443771906531651
-0.0106700033542262
0.002600039264380959
-0.0009472295873691227
0.009862707966353598
0.0035273865256617025
0.007070304451610703
0.00591804211252914
0.007085502067052751
-0.0038730003692565166
0.0011166141236448389
-0.0038730003692565166
-0.0106700033542262
0.007092347121838225
0.0035628144447968
0.00713903240425883
-0.00387302344904546
2.8725769669741393e-05
-0.010670040728021213
0.007164617868318058
0.006002337492248654
0.00900728832035497
0.007216602678031191
0.011834659106885992
0.01180140913897758
0.009862648542549125
-0.00014971330913018905
0.007087620843030824
0.006196212755094726
0.017775424536190135
0.00012065111168701438
0.014522300552171276
-0.007118384684298394
0.011926178966334744
0.009862634252659888
0.007106978735280977
-0.003871804017234992
-0.004911225011462311
0.0022586803928539554
-0.0106700033542262
0.010667284831647143
0.005990065534052496
0.024159013191336523
4.089345964330444e-05
0.014695652619489859
0.009828907233726931
0.027566009537603825
0.009862707966353598
-0.027928859270513043
-0.01121683401943872
0.0209845097893647
0.00030940759340896594
0.020578706382192762
0.020437943283103492
-0.0038729458855020172
0.011844222152620298
-0.0038703687366091174
0.0011995321330536342
-0.0038724641892866228
5.021310706775928e-05
-0.024054291632647266
0.016213550747752967
0.021264888449249248
3.3027851209879655e-05
-0.0016139976332697988
-0.004911213537500318
-0.0038730003692565166
-0.0018950459987562254
0.015261970577190908
0.009990928519962666
0.009869382819614508
0.009130582599818811
0.014592818938156057
0.020785677875166296
-0.00727307248844344
0.005989697906504566
0.014518206930497142
0.009862679467461317
0.005952762128276066
0.014464592356574194
0.01451753736033955
0.008914071101813806
0.002600039264380959
0.02148518998479414
-0.013731292029984602
-0.0038730215260072147
-0.0003511884659529124
-0.02447971376224392
0.002597860006456742
-0.0009472264135758949
-0.019139256183127628
0.0478075667930554
-0.010589718669049866
0.01213944710308354
-0.010376465606644012
-0.005858261238484795
0.01974319725649901
-0.013862527648903321
0.009289674970017868
-0.0010544954149604242
-0.0010830212406711288
0.012272916896586031
0.002537327257732483
-0.0026052729866201632
0.008151434180153062
-0.0010829424261408756
0.004505970744485594
0.013816048048650054
-0.018451692828984248
-0.012771876116091584
-0.012560009454732693
-0.013455776137283455
-0.011411195919752808
0.002604838626130888
0.006190960846549393
-0.0030774844325438828
-0.0023112547970368076
0.0348718663183796
0.03483880360979259
-0.0025289638232152147
-0.004074672137853858
0.003133101661171265
0.01859763925765379
-0.0023669841703158052
-0.0025412953614884584
-0.0023448514084527814
-0.001071323943758324
-0.003027747087901399
-0.008102972260280561
-0.0036816742185362327
8.728409414250985e-05
0.0007309701146509551
-0.0010819232407061792
-0.00272305867367527
-0.06392917560119332
-0.0013161118683534365
-0.002603143082852628
-0.0209140638029528
0.019379204075206116
-0.0045915009887412
-0.0048018224214497075
-0.0012384727058571113
-0.0006809085208361201
-0.0010710701595287985
-0.002184494403632457
-0.0010696979505075129
-0.0047093478160138225
0.009179101138561341
-0.02060321329863854
-0.012254464590409
-0.0003470133503895596
0.026375206361782932
0.0006178529714669091
0.02203831584788327
0.0407215079109269
0.0464481240457717
-0.004373141889561504
-0.004227900587307913
0.03465319455390139
0.01986280772100541
0.02201046881167182
0.0002912724566119679
0.0004874735765387622
1.342535636712123e-05
-0.0003949455371572899
0.0002489736878453757
0.0017694192710344253
0.001099434517633674
0.0011049322637498118
0.0013567415182550535
0.0023198923357714476
0.006918670645671496
0.03305165102906759
0.0028001475592071136
-0.010914090704418036
0.00034655687322564363
-0.00039490118938839724
-0.00039436650241390567
0.0003911518007620424
-0.0064123001064582165
-0.010868354138464547
0.0068414796157811675
-0.01089139162732217
0.0021043864055210553
0.0015127301402561028
-0.00020378743079802668
-0.07346404645719887
-0.0003667052296831272
-0.000394668944338106
-0.0003910314989377851
0.02734189165426278
0.007316704201569997
-0.0003949557915979593
-0.0003949557915979593
-0.010877839611382858
-0.0005617797881607031
-5.139013065126719e-05
-0.0003243896180331891
-0.00010106442224611575
0.019464664939016024
0.0007577978805968033
0.021793538226130456
-6.532180910205059e-06
-0.010686351905174465
-0.041665041307639726
0.02146757685218323
0.026543272128417186
-0.010234556885665257
0.01492462054884284
-0.017848138939119816
-0.016185339084618073
-4.038370726070866e-05
-4.055426219347386e-05
-2.0252795878189038e-05
-4.038370726070866e-05
0.02826736149169801
-0.00036266617703344903
0.012814505204280598
-4.038370726070866e-05
-4.038370726070866e-05
-0.0001842602284232785
-0.00020442058879430462
-0.00036489911162995996
-0.00037802264959732726
-0.00018234971309724163
-4.040377640895586e-05
-5.096133385370541e-05
-4.3569202764823705e-05
-2.8518659505493992e-05
-5.2431694373452596e-05
-3.886014413517849e-05
-0.0006434709462274004
-0.0003707671207473255
-0.00037941951874848946
-0.0033274257442012017
-0.010916809799632653
-0.00038787730245710473
-0.0003878585644546839
-0.00035010580052728283
-0.00036207279089659644
-0.0003619029632330196
-0.00038047645799027253
-0.0001834893416880375
-0.006584356561439333
-0.016250999211921056
-0.00018768455183561225
-0.0027178068892398633
-0.00038725906838998913
-0.0003864054123579078
-0.00034561592401461126
-0.0003415113280974947
-0.005406103548516818
-0.000266375433720966
-0.0003947239896131382
-0.00039498783840164506
-0.0028089694007612147
-0.00039480151506762713
0.005710242827846311
-0.0003879183047864175
-0.00011343288100944836
-0.00039499664053749224
-0.00039499664053749224
-0.0003937800865894062
0.03388702362330896
-0.0003949726976652456
-0.0002671420534333227
-0.00039345644278841
-0.0003917352947747261
-0.0002325034849712408
-0.00022983826288812688
-0.0002625912475932005
-0.0002649355962604653
-0.0003949564888691097
-0.00039494179614469596
-0.020314372334163566
-0.00039494179614469596
0.023600346121833805
-0.0003948859505240449
-0.0003948859505240449
-0.00039492071017244043
-0.00039494179614469596
-0.00039494179614469596
-0.00039513973856115237
-0.00039496899758190564
-0.00039498261651522477
-0.00039494179614469596
-0.0003946728762789246
-0.00039494179614469596
-0.00039469802380838497
-0.00039428544730619135
-0.000394610565177997
-0.0002267259972215674
-0.0028119823596238084
-0.00022135089940705557
-0.010750412050450882
-0.00035009746139364763
-0.00034487605781570983
-0.0003921146861445229
-0.0003944118393915755
-0.00039499027726071104
-0.00026726345068114025
-0.00039466786857487546
-0.00037020142358047345
-0.00036955073844433884
-0.0003947027856715856
-0.0002672055168967951
-0.0002658550322715872
-0.00026532792447864044
-0.0003938506042062797
-0.0003937934294870376
-0.00022194048158349306
-0.00011404248445579157
0.023589695057447367
-0.002994109454550504
-0.000394660464887387
-0.00039496385781428853
-0.0003943169770162231
-0.03634819242871359
-0.0003949745850911004
-0.0003110740858203268
-0.0003110740858203268
-0.00039375260040797684
-0.00038907476606634685
0.007835583214547834
-0.00039226009553139303
-0.00026610249914433344
-0.0003942296540066407
-0.0002650732881256537
-0.00021977827076105733
-0.001567610723372197
-0.003296496237655461
-0.00026398886857168056
-0.0026837629053105302
-0.00039492071017244043
-0.0003947385816212301
-0.00039420370795628196
-0.02568140143058337
0.02045185761908282
0.011033593124315665
-0.00032919960268671126
-0.00032919960268671126
-0.00032919960268671126
0.005068008480503384
0.0038758071532167047
-0.009750289687369672
0.0037165946933543238
-0.00032919960268671126
-0.005539298236916112
-0.0056061562992538
-0.013849964106098248
-0.004928574172089579
-0.010586993293607279
0.0049082041618131915
0.012103269732150366
0.019236169023296334
0.026191513550965707
-0.0034944046253071806
0.00452947740226587
0.022332632206553283
-0.00032919960268671126
-0.004952906208343702
0.0023482980333116863
-0.0017601815662108033
0.02623645439304412
-0.010914762929719844
-0.0005312576495681263
0.00015570995076130895
0.027226100247467036
0.02164023814783687
0.015576807585007988
0.00596492226870378
-0.0064215241175043306
0.0030942016508355838
0.022684290514898155
0.07326991492100192
0.00596492226870378
0.020514492496898643
0.0006237015161912367
0.005165365470945228
0.007570491731815596
-0.007098219659404978
-0.0024966504120955695
-0.012697172626861035
0.005735269135722559
0.005727541471593086
-0.01058786571937752
0.005618578623287861
-0.0033367039023005003
-0.004949156589275542
0.022179125028916485
0.018200000578718234
0.004361585259882381
-0.014872014495129234
-0.007371099094115807
-0.0047157080365554105
-0.004715100059474606
-0.012682675506915462
-0.012676320173876694
0.0013177164655130082
-0.010587514060008673
-0.007379332449658211
-0.010518942795632688
-0.007403394093017221
-0.018868494766085455
0.008278610296225638
0.0019533628673996484
-0.026961318992413264
-4.268996131304742e-05
-0.013426511861791612
0.0026590479368452983
-0.010206941353795523
0.049404344175549036
-0.07747477321271508
-0.011807363917101986
-0.010558045585568316
0.006276039952450205
-0.00029828071587533123
-0.0030833300074895897
0.006276039952450205
-0.031467611789873506
-0.04071721545886896
-0.04424888192489252
-0.010586454361661585
-0.010586828517714357
-0.01014322394487662
-0.039700279418464914
-0.03343059073473918
-0.0335372946394769
-0.047100222722711825
-0.010587838917902536
-0.038129371598899606
-0.04280894164154897
-0.03973137244261741
-0.03973135472293891
-0.039725676089418814
-0.010587621660195749
-0.03971394347735253
0.0037914721822998355
-0.03974426704328614
-0.03973061382716025
-0.03973063147647393
-0.01058762116532843
0.05381088619639308
-0.012151921866131416
0.021827316564090316
0.006087793688010565
-0.03971392853704766
-0.03959183281389596
0.07094529319462779
-0.01216371899142149
-0.011887482238420233
-0.039713512461945565
0.022100947745053914
0.0027482937412865636
-0.01188717610457688
0.05386629498685157
-0.03971337626176633
-0.008895381654241698
-0.01056671145352547
0.022229307473482764
-0.039711511921773836
0.02627020254025188
0.006068011526632573
-0.011887433260491105
0.0031753490226350775
-0.011887483380158237
-0.012119054903699848
-0.039719446888824485
-0.01188717560970953
0.007717642266609115
0.022217893135276313
0.021997140239921255
-0.030259803315621326
0.01931747878996519
-0.0397139503702084
0.018996209122959448
0.01893710102313101
0.01908111285634507
0.023910188688963586
-0.030316572801245008
0.018922336781998346
0.005701740143556535
0.019081681063733816
-0.00032919960268671126
0.023486436619124175
0.02523219683878468
-0.011887433260491105
-0.00032919960268671126
0.018933171820345766
0.025190493784884145
0.0220017298138578
-0.00575565667001701
0.025200808506985712
-0.014517192497148659
0.018929367533909044
0.0254663669612268
0.03079227153295088
0.025274320249901387
0.0380405845348135
-0.039713934680772806
0.019668821438783384
0.025852595901647558
0.025228163804967084
0.025667068743074256
0.019036801854145198
-0.01408887906639335
0.013679670168380708
0.07159851382041056
-0.003281644868573144
-0.00032919960268671126
-0.010579638251815245
-0.0034071217518552685
-0.001160135817070805
-0.0034026858998524702
-0.0030894506520240937
-0.011886964462626501
-0.011886966686000195
-0.011910900118083833
-0.011896204724231777
-0.01188718095209887
-0.011460043725887825
0.010780232233011063
0.012826967173795358
0.012707483039271212
-0.011887216007986425
-0.014995263027339554
0.03636049110751941
0.00566055905216117
0.01713287680145261
-0.008886365078795545
-0.009197030540266346
-0.009273492511217035
0.030501541646882447
0.026333065098792352
0.0482992111481803
-0.008718620160238933
-0.013569663019061038
-0.0014587266843330755
0.009844803302525854
-0.011302047237141273
-0.007904151560551343
-0.008614090353013483
-0.007835233274658068
-0.007747251492628129
-0.0009431962848286503
-0.0016678113100272718
-0.0007545501181493382
-0.0038186822110171355
-0.007358679111632772
0.0024182094905961823
-0.026635315687038183
-0.0072584412242355035
-0.011497663098895954
-0.015023177493058823
-0.006952143247781893
0.0020014382059406104
-0.0111398068987713
-0.008724216080832927
0.007378241118126826
-0.0004472369161324299
-0.016338315480926475
-0.02390747984795914
-0.008439918933813309
0.01143221602338096
-0.004949982191377213
0.0033221648844543234
-0.018655702389845107
0.007792742774218586
0.0280520864764847
0.012066971877812705
0.008828055142802688
0.008519373143904439
0.0011768175282863926
0.0056817733969741335
-0.00847203251512101
0.007769175030517318
0.007692459082660561
-0.0010375345847063785
-0.003325570677938123
0.00777326052683438
-0.00030169419133198045
0.007397590643818304
0.009379418458704021
0.00545316121325887
-0.02086543982001979
0.014950988297682686
-0.008427509372924838
-0.008638213648129438
-0.00816211056135742
-0.008605877495250562
-0.005151309752471376
-0.0028870412314975103
0.009318057273400286
-0.011320098516627491
-0.008211213297719386
0.006238394566935712
0.002272684766443671
0.002591888949150912
0.008729953062713555
0.025125627305646405
-0.009756690246720334
0.007283523721673621
0.00788014283471902
0.006299906188794506
-0.00872857163377502
0.005344272261827768
-0.011350961989003067
-0.006272553178160015
0.015490645459690557
0.005219813792155378
-0.012732373086486117
0.005055961495226643
0.008682340096651827
-0.0002076657795708817
0.008768157152953033
0.005251963075526084
-0.011156725494976465
-0.015659206150890594
0.005703572829834846
0.005078817989371613
0.0007632616307201086
0.0004378500953382461
0.015172561064325064
0.00506339737443216
0.005137221713024786
0.005058069282806581
0.005462585170333922
0.018070882839821296
0.005056596978407861
-0.01860250080420557
-0.017873447679584938
0.0012235427226520675
0.033116852085531875
0.027189391527504294
-0.0015951106429084809
-0.011183552712666134
0.017922534353916886
-0.003708447299089517
-0.020800875339269075
0.005936765532877505
-0.0015113048778270936
0.017928922368650388
-0.021777138736611065
0.015657309030371293
0.00119259646148119
0.015196188289895036
0.0053217039080753065
-0.0006568384928641607
-0.012725470048949944
0.014999356604797528
0.03349539422801107
0.017801279686824427
0.0016673209399118147
0.013576283187672704
0.030434174327317483
-0.0031207747228847484
-0.0016707095549783858
0.0024202685950809903
-0.008030960203160888
0.0061057752199627745
0.001338158074354057
0.01494677308900889
0.007486918407794623
0.0017048886638950747
-0.034413717226198334
-0.0011868274921677075
0.008852542688927007
-0.020333992299310426
0.012044326673057463
0.019344747717372743
0.011415754554439432
0.015727077506079903
-0.0006293834445372668
0.017809139195283555
-0.011351180685546466
0.018044887887306803
-0.004234972141474507
-0.03279184769173097
0.017789408668918205
-0.00516439072165868
-0.01135110632290272
0.01964206811741176
-0.011321783238691038
-0.01669585236160666
-0.03451008838120869
0.01489827738582409
0.017815046852228823
0.014862788374005046
0.012702955709355626
0.00196656209141736
0.008964327111588127
-0.03314468524065327
-0.034501057244879035
0.02062946042111801
-0.03328732593413232
-0.03312424015596071
-0.002881879847787063
-0.03293352039609756
0.015331319821050309
0.015589436754560707
0.015281173290296872
0.017827451361648823
0.017788337534633648
0.018749938303113126
0.015483970145925693
0.017813356375584972
0.01783755281711808
-0.002457789763851361
0.011596820978897486
-0.04812720829528948
-0.003417164304192554
0.017876033786866873
0.01779586525176132
0.017830848679210545
-0.011351137649264018
-0.0021450514981408886
0.014932693309552816
7.88676684620026e-05
-0.05424577994679498
-0.022993292352755615
-0.0020840470779059034
0.01202710179656702
0.014932295194282613
-0.03433727287918676
0.018892266025770273
-0.04575820004187102
-0.04580178086875205
-0.04585525095976809
-0.04578932917450368
0.01781798464737009
0.015253361194413853
-0.04833801981085702
-0.045861235909028596
-0.03451013861816312
0.019253772089169893
-0.04586007773246853
-0.04586093143078785
0.017805735085350917
-0.012920669636380411
-0.04586153342823227
-0.04586032571870696
-0.007799306928929606
-0.04585495746977958
-0.045859504126281
-0.045855073041790206
-0.045858720213185024
0.007149409757320042
-0.045826411327661805
-0.04580636866901307
-0.04580053515478774
-0.048145616450311624
-0.011337298978579347
-0.011337337551883923
0.01821270925385365
-0.011349797104673804
-0.0369799793837382
0.01493264039548676
0.014922515286617673
-0.034507841052854656
-0.002532563425723817
-0.007684213922375553
-0.03450355116316138
0.03162417098077318
-0.002310350703579084
-0.0055205894923545116
-0.01135192584141478
-0.011166606520348921
-0.037676902006192975
0.00011084650283023597
0.010519545033922755
-0.008741082910810218
-0.01134765099006849
-0.01983729376331996
-0.0023545422891347607
-0.0024788243873407182
-0.011350957004181268
-0.019833914986446873
-0.009612892276869452
-0.012401254520789374
-0.011329563975111695
-0.0024293126801843918
-0.002723169775824596
-0.021777178524051193
-0.018124152783546458
0.006807796699273789
0.005661574398214111
-0.01980317747507651
-0.011351002661791124
-0.0029030179530968752
-0.02363260210675131
-0.019132246903460565
-0.01925965909975861
-0.018486931830699792
-0.019828493832492928
-0.019650466721158572
-0.024731097307407666
-0.019832587210388053
-0.019724806412162635
-0.019847370267014424
0.009583070247924621
-0.019829744871381484
-0.01976805669440675
-0.019437347240215737
-0.020993967073910904
0.009971185225949074
0.026591068614513998
-0.021777177077168152
-0.0014674083608122684
0.017923646933342762
-0.008231492029027558
-0.01983170554564805
-0.011887264526865645
-0.014563810490115412
-0.019844353984320568
-0.002440676113190127
-0.0006953451033676708
0.0026642096558079035
-0.019836679785609903
0.009234773346984753
-0.011982263827358055
-0.017926977341325544
-0.019839734381354033
0.000536010756072202
-0.002234159170368422
-0.019840501558387513
-0.01974252251522267
-0.003095875047182882
-0.011138479775767993
-0.00916137463562174
-0.01283041029069773
-0.008406160431077591
-0.019725111724353074
-0.019834842214112493
-0.021777138736611065
-0.019761737220248113
-0.019839401610589797
0.00611144979486745
-0.010573255663897593
0.0005360751337923635
-0.018821102974688798
-0.019471172482370364
-0.011115331758388407
-0.018475427477338165
-0.02177710283410507
-0.019834683271063542
0.015084770985628004
-0.02560318185326498
-0.019412218599214274
-0.01981119424513018
-0.01979572561201815
-0.019844531142833993
-0.019805918363034955
0.0005364591841168245
0.000536056161601067
-0.019812315005036225
0.005158599922779361
-0.01984374632682772
0.005883839650163306
-0.01984330302928891
0.000536591247169243
-0.012731999742912593
-0.019763294776450495
-0.019795176076769772
-0.019549506381221077
-0.030260925391984522
0.0005360566015144906
0.015591633458516488
-0.024726099869138977
-0.012732311987101409
0.01813423658936471
-0.004970014396603478
-0.005620301596449787
-0.0017156515788816127
0.009717843503265381
-0.013461169931825214
-0.010863076256934837
0.0011385337404713602
-0.01052344061344647
-0.0005712926483160515
-0.01477489441116596
0.021932572715583853
-0.01081371625030548
-0.010408133210446696
0.000536056161601067
-0.07538397616446252
-0.010485196953837844
-0.012655287217535118
-0.019465896271974505
-0.015599541418961648
-0.014001610000469717
-0.0010949824763554774
0.01034634769406351
-0.023937814972234107
-0.008132340741759947
0.015297170213252255
-0.018879783375733733
0.021765519294763037
-0.01831477185719336
-0.07641587812406016
0.01490890639232333
0.0005360520417995534
-0.002065379816046554
-0.002262815973829195
0.01751443344486761
-0.01985245769920496
0.005904272373766153
-0.01981878559182413
0.0005361956932273937
-0.01982537454135574
-0.002245282440568663
-0.001990510500108476
-0.001404085776051557
-0.002088024940915017
0.014896364827978478
-0.012727084538322211
0.002022334332905666
-0.019749284899304893
-0.01124901954107784
-0.019833585419430238
0.00476921447247191
0.017894751609798327
0.014912569274264145
-0.002273922642003546
-0.020881581388167484
-0.037672268190436134
0.0005323106919664728
-0.002275428049054159
-0.002112742099625169
0.032783844214476415
-0.047055814000052376
0.0005376410345585448
-0.007388752901307167
-0.0021535838298940534
0.043375183523502836
0.031191433290266024
0.030809571470269595
0.031716294694343304
0.024574069706793492
-0.03839943340604933
0.024600504930667566
0.02073453840447358
0.03180980562078374
-0.0004081311448123409
0.006677826630280841
0.01096766235584947
0.0005293613062729661
0.010986635306205311
-0.014362305506645882
0.027771416136748557
-0.0028416633692419746
-0.00023534639914260023
0.028321571931013728
-0.0037135044910612
0.01096110812719684
-0.021786246223328337
0.0028019650300570883
0.06094850803018402
-0.0012829403625038813
0.006337972140924313
0.0272291670009049
0.029146510101490143
0.026170425356849436
0.0003424355653169129
0.005710700642307172
0.005146052052700414
0.08315443728836562
-0.018891733050634702
0.00508224771678723
0.006034999753865308
0.005133638765207184
0.0884255552019435
-0.009655312224428626
0.0054620800895963115
-0.02178514597190326
-0.012026673346880755
-0.021785186690597223
-0.021902649036867197
-0.021785157187948493
0.03462238072206371
-0.021785235418056777
0.0875894029476281
-0.021785012769768887
0.004899521326813529
-0.021902805572547104
0.00516550205942105
-0.02178514218885264
0.004782160048974773
-0.021785687988000842
-0.01245278650568724
-0.010706171545397184
-0.0074440277329620025
0.02006672219424884
0.020068640399299332
0.020070629325426404
0.020064241561025667
0.01994778960381228
0.0071164837134620835
0.08406253604013335
0.01998750739409829
0.018318640491088393
0.07533191178256501
0.008193267713082248
0.005030081312021469
0.018276700051510053
-0.012604499401735936
0.004763771644177978
0.0072461919443758665
-0.021658190708175398
0.006842611341124843
0.00512700749067875
-0.021783999637885614
0.007428516095516521
0.007144311733175655
-0.011521452258566732
0.0074634921950397365
0.018470407828982287
0.008193267713082248
-0.011521423426769085
-0.012602323956017574
0.0016733552021427666
0.0017912848798976291
0.0017907563879925436
0.00179073742288523
0.018381670967766283
-0.0029596322271033537
0.015397662792183135
-0.002169102211981574
0.007115913062705312
-0.011521411060208972
0.0016949847849919285
-0.0024270562195058422
0.0016199381474001832
0.02619981253060626
-0.011521411060208972
-0.011521488057732109
-0.021785270788979284
0.019017375108304934
0.0017907563879925436
-0.021785471010917823
0.001692694828105346
0.00745421333163232
-0.02582291192864594
-0.01151889929204792
0.0018320594437856044
-0.011521411804302991
0.0017912841218933413
0.0017907353446390687
0.0074247105149389155
-0.021780271312856817
0.0017907109539822897
-0.006842260750012928
0.05322046260844074
0.004957218518363822
0.029291855069306517
-0.0032223513635198696
0.004734878784735885
0.024563214523970114
-0.011529216144601465
0.0017922360101613858
-0.021783521384992805
0.024044855462681994
0.005145673752103537
0.08073814857234302
0.01994516942795287
0.0269915453792652
0.026419972750946583
0.02563457477796437
-0.005658856752437334
-0.011521503217777014
-0.02178020700672555
0.0853157702651869
-0.02784405827612127
-0.0008544952808233544
-0.011521438964522185
0.0072908513139943
-0.0023367114718290467
-0.0049594902862212156
0.01055392528417384
-3.150642895697207e-05
0.0033610083211169962
0.005608060634645237
0.0033609946289424003
0.003360454241851054
0.009269312070022908
-0.01991515056352434
-0.03822179652566356
-0.00012675797482463897
0.0035427892967519344
-3.1499823747643486e-05
-0.027005734116177047
-3.1678122815683815e-05
-0.00038363118679319886
0.003927716716448303
-0.0495260432844363
-2.9861268183610923e-05
0.003360518635886714
-0.04955748444731637
0.003570268774936241
-3.150642895697207e-05
0.0035826445041268096
-0.04955647366541002
0.0036633213812529543
0.04515575863705653
0.0035439569211913814
-3.15239232813787e-05
0.013044671936536993
0.010477849919535556
0.0035646766710166347
0.0035603379142954885
-0.05761752952886713
-3.097280992727015e-05
-0.0382298287583351
0.003967584109110258
0.0036034253827244905
-0.011415667531715109
0.002804779216039342
0.0035548787188601685
0.0035470050549221742
0.003583594438884087
-3.1518209143954256e-05
0.0034175391792411434
-3.19783142366125e-05
0.003544169768653551
0.007543437394746728
0.0035427196179063417
-0.0495267418733112
0.003397600197284675
-0.04953862303896732
0.003396582691844782
-0.04955737866584924
0.003397105841896467
-0.04951761849686903
0.003402732897608334
0.003449067679444257
-0.002028090684245863
-0.05168661927086318
-0.05169724202703078
-0.0493873998782977
-0.04941062925354819
0.0033997018897067048
0.005463306315682341
0.0033995579319934127
0.003366571019758456
-0.002034055002160188
-0.0004909738384752409
-0.0018877274977947699
-0.018366520943931604
0.005542549719283411
-0.0014933100169156309
-0.04870528191571708
0.0033806057628240323
-0.0021188098826137925
-0.0021180397583379254
-0.00048670720372293827
0.06378845243983056
-0.001664143334181865
-0.0021188823565074172
-0.00211881867919357
0.03840549536949539
-0.02796132848668788
-0.033474061807667536
0.030404290247559168
-0.033514840689472455
0.021878558036885345
-0.05918210356237171
0.034310517408157624
0.003981694786578848
0.04784022255381376
-0.0019049468015363412
0.03921809736868696
-0.008315817370528672
-0.0021526248164954434
0.015014891891279941
-0.03135312663968732
-0.001903846611833695
0.09176336420214704
-0.0019224001107828678
-0.001664911550839266
-3.094256534711047e-05
0.002102844906826985
-0.0019361746019013228
-0.0019218614243758092
0.015205704133356585
0.0057291153708884
-0.0019046971621358233
-0.0023293054063061903
-0.08118595442509995
-3.1401329553938974e-05
0.03741483587430136
-0.002269610260406925
-0.004708242230868002
-0.018442090042949926
-0.004621013458363485
-0.0023230714575034252
-0.004717023233974881
-0.004715407464190504
-0.07852714918402846
0.010347780454813575
-0.015399176098354898
0.006735725306277521
-0.009550080420199274
-0.00475749336225313
-0.005948464933254548
-0.016431079439997266
-0.0005698385509597693
0.001288167905985335
-0.035912279442995125
0.00903478760303415
0.08073176858255447
0.025193334968530937
0.07970652730582775
0.07791455439384229
0.009327811259451039
0.07794292711048509
0.07794148137442336
-0.006904208513699219
-0.0069189806415295005
-0.08403318782627
-0.00026808070553204687
-0.025209520043414247
-0.0042076140126527444
-0.04251510119209894
0.002552078587933695
-0.008155798261386663
-0.04258840712309114
0.003948700530079127
0.07807079675754373
0.0023901193218500935
0.07788923551480638
0.007542016329842388
-0.010092313178194486
-3.129477230004711e-05
-0.013191969386704564
0.08614021317435663
-0.00960468165151421
-0.0030855970861699057
-0.03803523312714316
-0.0055032653420847375
-0.042587474784117584
0.006797872010063043
0.007161588557368191
-0.046552953248285345
-0.0016527032574636922
0.049508325615493974
-0.0042415795338806486
-0.016560960613731388
-0.004655954810323053
0.04981646691535133
0.04549034150733231
-3.127388474978906e-05
-3.1154867936472456e-05
0.00032404398479976283
-0.008685726342610427
0.010412854286771751
-0.004713863828504046
-0.011575082238196196
0.00031490466887818013
0.007800084078840012
-0.01367507043189216
-0.014884548047786987
0.015755284265746808
0.008353520917781288
0.013215956880975469
-0.04584217311636619
0.013243969872765821
-0.006677689485929346
-0.04969316247248006
-0.031738377738497726
0.008352127779290905
0.004903408778713661
0.00031532847995667556
-0.00035827763757592136
-0.03586588928710683
-0.030738936450839638
0.031699397603440004
0.004910627697227868
0.0003142299333855257
-0.03125140244664819
0.011080180681053261
0.016838441937225813
-0.02757531064174657
0.0003157380847182317
0.017234727421815005
-0.008443603049990207
0.011783674845381094
0.005558692499237743
-0.013750950104749075
0.016885341375792846
0.021391603439190377
-0.043010933796951735
0.0161102014179352
0.016839326379601144
0.005609444337372109
0.015881947067604374
0.01676804034315823
0.011857444815294722
0.020438772913258883
-0.0013559609329652931
-0.027477108398632946
0.011820826464490593
0.0029013547402756057
-0.02757797849897409
-0.03113490790438624
0.00031583572373571945
0.0129561476113714
-0.01712790054165215
0.00953476011659594
-0.02729041569823441
0.00031531504904616485
-0.027760509025282647
0.022897686175640343
-3.1750226942865934e-05
-0.004193919737934478
0.00031767734271295647
0.00031531018540324475
-0.010064203845669561
0.007335575803512993
-0.00037300473497268685
0.007161105463297557
-0.006438430458069263
-0.0002058794048867271
0.017222729575341874
-0.028066042707133497
0.01718257320349895
-0.023431872354857677
-3.171656734261649e-05
0.004103170876383694
-0.0021427290468506353
0.0003149129384046686
0.012781831111344807
0.0003148982102328409
-0.021885970733924662
-0.006688987141289093
0.023677534951583708
0.01689889832133199
0.04070566049114524
0.0006818028165257938
-0.0013372943182276698
0.002532986055070554
0.016825727318098078
-0.0007968959703131079
-0.02795718374555776
0.016849044257103603
-0.030593939240937697
-0.004171299601927208
0.019363545700836735
0.00031489852559098125
0.005080787309240295
0.011792169702171175
0.011734409502990801
0.023151188021402116
-0.008417875130141717
0.004297533996797114
0.00031496606361484995
0.004302329337684898
0.003910412757855032
0.016849840715049146
0.011783660853742169
0.01682529040657135
0.012667765715761777
-0.004170918181111183
0.00031895262855501165
0.005041570721063736
0.0003161765819947295
0.022904125742374083
-0.01188226004641578
-0.04847235086948654
0.016840282991943352
-0.013257854280441217
0.029710484951934284
0.015144808488481184
0.0003149169651144957
0.0003169507249245388
0.014388996054310214
0.011786660205223379
-0.02535621344824258
-0.0008464429666319957
0.0050649237821890685
-3.169150971044443e-05
-0.004312999602986386
-0.005418376427285352
0.0035202519350232297
0.016849871178670137
0.00253170631747359
0.01009358346191623
-0.005503831677464099
-0.005105289967890791
-0.004909607250800018
0.005041610499290396
-0.0013833151875333486
-0.005169475686984733
0.01682731382478654
0.007570819200432894
-0.0054201282008332205
-0.02495296170942605
0.008386081135752144
0.007174212162230639
0.011220180606695853
-0.028143084677787044
0.0003186238810094818
-0.005420225912655279
-0.01154353479098655
-0.011712868964627978
0.01681857363001026
0.0034530446612905186
-0.0054199407450133685
0.02697804963768449
0.01686657603050971
0.011785603160714628
-0.005420156856589929
0.027299583362068683
0.017120380176380887
0.007485452610915124
0.0003149161356075328
0.004153971444853849
-0.028363362528166493
0.000315065736059165
-3.17205940524413e-05
0.0003162831461468142
-0.03265837665100332
0.016815453882987795
-0.04330479364974464
-0.031497893366872615
0.016852375159585868
-0.005420126391432367
-0.0036362869537407364
0.005041622163648558
0.04486121079188071
0.005213948114350801
-0.0065987358615886916
-0.0007882022815368718
-0.0633250146358975
-0.0716418905937043
-0.08737760587705683
-0.006269864032282454
0.0025202549042407808
0.005655870446683138
